  87 1ALSTATE DEPARTMENT OF EDUCATION      STATE OFFICE BUILDING        MONTGOMERY        ALABAMA                            36130     (205) 261-5241N           2682        17557       17477       N           37716       3677        N           N           1023        1207        N           1480        N           1910        2147        21495       M           54454       62293       59613       60235       56671       56996       55025       59245       56472       59480       53174       49834       45742       N           729234      42463       N           3041        N           
  87 2AKSTATE DEPARTMENT OF EDUCATION      POST OFFICE BOX F            JUNEAU            ALASKA                             99811     (907) 465-286529          260         2722        2990        112         6113        277         5           107         112         130         M           196         73          357         M           27          1191        9759        10567       9186        8645        8273        7995        7580        7411        7278        7549        7181        7094        7160        M           106869      5692        M           M           M           
  87 4AZSTATE DEPARTMENT OF EDUCATION      1535 WEST JEFFERSON          PHOENIX           ARIZONA                            85007     (602) 542-56950           1020        21302       8385        0           30707       4564        281         458         739         596         548         1207        4523        1335        105         14771       0           49182       53285       48711       45990       44032       43353       41104       41305       40269       43183       40840       38951       36513       5703        572421      29549       M           9074        M           
  87 5ARDEPARTMENT OF EDUCATION            EDUCATION BLDG. - RM 202A    LITTLE ROCK       ARKANSAS                           72201     (501) 682-4256N           1647        10501       12106       1318        25572       2587        396         580         976         757         140         1215        897         1306        1517        12774       N           33695       37225       35263       33693       32468       32686       32110       33743       33810       33489       33337       32346       29499       3672        437036      27101       M           M           M           
  87 6CASTATE DEPARTMENT OF EDUCATION      P.O. BOX 944272              SACRAMENTO        CALIFORNIA                         94244     (916) 445-07750           13314       126121      56195       234         195864      49985       1795        3537        5332        1188        0           10101       19603       14531       21476       74219       0           392112      393533      366613      347207      335078      330395      319686      321898      311579      345654      345144      332980      266028      80491       4488398     237414      6405        17000       1824        
  87 8COSTATE DEPARTMENT OF EDUCATION      201 EAST COLFAX AVENUE       DENVER            COLORADO                           80203     (303) 866-683758          1177        14271       15662       N           31168       4052        125         865         990         726         964         987         2253        2421        2848        12854       2333        47065       49274       46132       43793       41406       40805       39316       39752       38541       42018       41889       42006       39231       6675        560236      34200       N           M           N           
  87 9CTSTATE DEPARTMENT OF EDUCATION      POST OFFICE BOX 2219         HARTFORD          CONNECTICUT                        06145     (203) 566-5635184         1043        11147       16900       5776        35050       M           684         1371        2055        635         M           1017        2664        1457        2080        14652       3830        38426       39627       35361       33953       32489       31986       30877       31984       31729       34707       34202       35480       34805       16009       465465      31141       M           4612        M           
  8710DESTATE DEPT. OF PUBLIC INSTRUCTION  POST OFFICE BOX 1402         DOVER             DELAWARE                           19903     (302) 736-458335          197         2675        3044        0           5951        718         37          137         174         119         56          145         355         374         386         2512        281         7772        9103        7941        7455        7027        6786        6570        7068        6711        7684        7576        6818        6867        0           95659       5895        479         784         74          
  8711DCOFFICE OF THE SUPERINTENDENT       415 12TH STREET NW           WASHINGTON        DISTRICT OF COLUMBIA               20004     (202) 724-4198254         373         2038        2565        1002        6232        636         113         160         273         182         0           445         232         296         172         2662        3436        6579        7587        7033        6448        6055        5803        5303        5987        5710        5665        5650        5391        4806        4982        86435       3842        M           958         M           
  8712FLSTATE DEPARTMENT OF EDUCATION      CAPITOL BUILDING RM PL 08    TALLAHASSEE       FLORIDA                            32399     (904) 487-2280175         5579        35982       37470       16651       95857       17564       1248        2772        4020        2421        N           2718        N           5567        N           56461       5939        145384      143854      130833      127904      121543      120423      119972      127935      128022      142768      135151      117937      97109       0           1664774     82184       1508        12241       954         
  8713GASTATE DEPARTMENT OF EDUCATION      1654 TWIN TOWERS EAST        ATLANTA           GEORGIA                            30334     (404) 656-2400N           4102        29745       21407       7026        62280       11898       M           M           1319        1859        N           637         3775        4105        4014        29433       N           92592       97353       92812       89630       83226       82210       80579       83067       80797       93881       75196       73904       65703       19997       1110947     60018       N           N           N           
  8715HISTATE DEPARTMENT OF EDUCATION      POST OFFICE BOX 2360         HONOLULU          HAWAII                             96804     (808) 548-5206N           N           4230        3280        174         7684        1339        N           N           441         258         N           184         N           420         N           7710        250         13888       13975       13562       12875       12162       12057       11526       10707       10865       11791       11454       11621       10476       8951        166160      10371       1805        M           120         
  8716IDSTATE DEPARTMENT OF EDUCATION      650 WEST STATE STREET        BOISE             IDAHO                              83720     (208) 334-33300           415         4922        4814        107         10258       923         15          229         244         171         136         299         334         532         420         2888        0           17354       18287       17947       17563       16968       16633       15948       15806       15503       15000       14772       14647       13886       2130        212444      12243       27          927         5           
  8717ILOFFICE OF EDUCATION                100 NORTH FIRST STREET       SPRINGFIELD       ILLINOIS                           62777     (217) 782-4823397         3535        54912       30098       16275       105217      11555       M           M           2686        2169        1654        1706        M           4236        M           57372       24541       131000      142619      142121      135186      128340      127887      122444      124138      121278      133306      135447      131210      123049      88880       1811446     116075      M           M           M           
  8718INSTATE DEPARTMENT OF EDUCATION      ROOM 229 STATE HOUSE         INDIANAPOLIS      INDIANA                            46204     (317) 232-080817          1885        23902       23699       4246        53749       9637        190         1295        1485        1055        1341        1438        392         2676        5590        27963       801         71405       80991       74714       71854       70400       69421       68011       72199       70202       77716       75196       74403       69831       16985       964129      60364       1664        7299        1296        
  8719IASTATE DEPT. OF PUBLIC INSTRUCTION  GRIMES STATE OFFICE BLDG.    DES MOINES        IOWA                               50319     (515) 281-3436127         1348        14442       14017       939         30873       3050        202         726         928         680         1009        612         872         1425        3262        13959       1068        39608       38817       37512       35536       34301       33828       32340       33383       31815       33296       35296       36907       36965       20154       480826      34580       221         2199        0           
  8720KSKANSAS STATE DEPT. OF EDUCATION    120 EAST TENTH STREET        TOPEKA            KANSAS                             66612     (913) 296-498053          931         12927       10598       2808        27317       2523        255         741         996         923         343         459         2058        1474        1596        9880        641         36335       37130       34366       32290       31108       30824       29580       29932       29038       30098       30489       30448       28792       10041       421112      26933       N           N           N           
  8721KYDEPARTMENT OF EDUCATION            CAPITAL PLAZA TOWER          FRANKFORT         KENTUCKY                           40601     (502) 564-2020M           1116        22234       11889       M           35239       5182        427         488         915         1079        364         1394        3930        1640        2124        17325       M           49206       54536       51388       49491       48446       48325       46636       47250       44641       51188       49605       47244       41586       13154       642696      36948       104         M           60          
  8722LASTATE DEPARTMENT OF EDUCATION      POST OFFICE BOX 44064        BATON ROUGE       LOUISIANA                          70804     (504) 342-0090147         2711        20757       12512       6793        42920       7477        288         508         796         1112        33          2125        2581        2266        2069        27415       1305        70222       71582       66241       64517       62411       61005       58876       60828       54841       61716       55124       46655       42745       15025       793093      39084       5663        0           1437        
  8723MESTATE DEPARTMENT OF EDUCATION      STATE HOUSE STATION NO 23    AUGUSTA           MAINE                              04333     (207) 289-5841M           M           9186        5018        M           14204       2683        190         251         441         222         241         492         1508        838         M           3781        1620        16988       18227       15792       15496       15165       14812       14596       15330       15204       16651       16647       16541       15567       3181        211817      13692       M           2888        771         
  8724MDSTATE DEPARTMENT OF EDUCATION      200 WEST BALTIMORE STREET    BALTIMORE         MARYLAND                           21201     (301) 333-2662225         1304        18362       20202       M           40093       5316        349         1053        1403        1041        381         304         2201        2327        2947        17704       10032       53146       58466       54096       51826       49555       48477       46532       48134       46717       53370       51297       50624       48642       12883       683797      46107       0           6828        0           
  8725MASTATE DEPARTMENT OF EDUCATION      1385 HANCOCK STREET          QUINCY            MASSACHUSETTS                      02169     (617) 770-7203N           1393        18280       32574       7270        59517       8024        N           N           2075        682         273         2319        5572        2105        2723        20181       4783        67138       69099       62640       59939       58163       57445       56480       58673       59272       65364       65339       65354       64221       11410       825320      61010       N           N           N           
  8726MISTATE DEPARTMENT OF EDUCATION      POST OFFICE BOX 30008        LANSING           MICHIGAN                           48909     (517) 373-8374364         3241        26926       40294       9147        79972       11166       M           M           2835        1551        1446        1681        1910        4516        8695        56390       4128        139622      126361      118541      114723      110254      107676      105680      110785      110862      126279      119680      118153      111126      65417       1589287     102725      M           M           M           
  8727MNSTATE DEPARTMENT OF EDUCATION      550 CEDAR STREET             ST. PAUL          MINNESOTA                          55101     (612) 296-768329          1420        20354       20329       0           42132       6389        57          798         855         766         809         1609        3260        1634        2293        14280       5693        62391       61291       57906       55082       52761       51167       49044       51353       49865       51900       54804       58659       59565       0           721481      53533       M           M           M           
  8728MSSTATE DEPARTMENT OF EDUCATION      POST OFFICE BOX 771          JACKSON           MISSISSIPPI                        39205     (601) 359-35274           1527        13534       11866       M           26931       7754        M           M           747         665         321         949         806         1212        2280        15584       154         37766       46425       42079       39859       39223       39598       36424       38710       35503       38370       35224       31841       30281       14093       505550      26201       M           M           M           
  8729MODEPT. OF ELEM. AND SEC. EDUCATION  POST OFFICE BOX 480          JEFFERSON CITY    MISSOURI                           65102     (314) 751-2569247         1893        23102       23512       878         49632       3540        534         1368        1902        1273        M           1194        M           4101        M           35094       M           62141       65757       64455       62849       61263       60078       57612       60007       58423       64700       62280       61232       54936       6327        802060      50840       M           M           M           
  8730MTOFFICE OF PUBLIC INSTRUCTION       ROOM 106, CAPITOL BLDG.      HELENA            MONTANA                            59620     (406) 444-3401M           M           6564        3095        M           9659        1011        151         172         323         329         M           174         542         487         818         494         96          12720       13272       12637       11801       11734       11507       11060       10930       10588       10620       10773       11295       10906       2268        152207      10073       M           M           M           
  8731NENEBRASKA DEPARTMENT OF EDUCATION   POST OFFICE BOX 94987        LINCOLN           NEBRASKA                           68509     (402) 471-236791          1427        8087        8108        0           17713       2472        72          441         513         498         0           514         1526        1038        0           7535        1478        23255       23188       22052       20714       20057       19544       18879       19861       19138       19123       20374       20690       19747       0           268100      18129       0           1127        0           
  8732NVSTATE DEPARTMENT OF EDUCATION      400 WEST KING STREET         CARSON CITY       NEVADA                             89710     (702) 486-65860           341         4238        3769        N           8348        N           87          203         290         166         N           179         N           408         N           345         0           13859       15550       14246       13303       12771       12583       11929       11988       11906       12112       12508       13020       11604       974         168353      9506        M           M           M           
  8733NHSTATE DEPARTMENT OF EDUCATION      101 PLEASANT STREET          CONCORD           NEW HAMPSHIRE                      03301     (603) 271-2778M           196         6061        4106        M           10363       1501        247         234         481         192         283         147         576         567         886         3639        M           5991        18085       13457       12626       12215       11946       11540       12169       12584       13206       13120       12955       12226       3925        166045      10796       M           M           M           
  8734NJDEPARTMENT OF EDUCATION            225 WEST STATE STREET        TRENTON           NEW JERSEY                         08625     (609) 292-7629332         2392        36406       29433       9772        78335       8193        668         2110        2778        1587        534         1868        12546       5119        21703       8594        6320        78991       85932       80647       78772       76156       75882       73335       75804       74848       81639       80864       83009       82653       58130       1092982     79376       M           10218       1468        
  8735NMSTATE DEPARTMENT OF EDUCATION      300 DON GASPAR               SANTA FE          NEW MEXICO                         87503     (505) 827-6526M           644         7858        4386        2287        15175       3070        139         357         496         230         409         341         618         726         1411        6871        0           23411       25364       23560       21726       21293       20548       19626       20290       19595       21818       20032       18435       16946       14585       287229      15701       M           4557        M           
  8736NYSTATE DEPARTMENT OF EDUCATION      ED BLDG ANNEX INFO CENTER    ALBANY            NEW YORK                           12234     (518) 474-87161156        6426        70873       67372       24409       170236      23825       727         4301        5028        3268        1542        4086        23003       6885        6303        83252       20821       183910      207689      192401      183326      181309      174289      172021      180815      171808      207361      203499      201482      172904      140435      2594070     163765      N           N           N           
  8737NCDEPARTMENT OF PUBLIC INSTRUCTION   EDENTON & SALISBURY ST.      RALEIGH           NORTH CAROLINA                     27611     (919) 733-972253          M           30430       21067       8221        59771       17002       M           M           1982        2043        M           2040        M           3643        M           27762       833         84705       85622       82943       81002       79536       80164       77844       83391       83024       91845       87173       81024       72339       14531       1085976     65421       624         4676        1100        
  8738NDSTATE DEPT. OF PUBLIC INSTRUCTION  STATE CAPITOL                BISMARCK          NORTH DAKOTA                       58501     (701) 224-228956          285         4617        2674        0           7632        899         51          113         164         167         133         343         334         367         338         3156        530         10193       10581       9801        9366        9189        9023        8542        8684        8470        8735        8559        8627        8704        0           119004      7821        M           1224        M           
  8739OHSTATE DEPARTMENT OF EDUCATION      65 SOUTH FRONT STREET        COLUMBUS          OHIO                               43266     (614) 466-7000N           3112        51575       45021       N           99708       7178        230         2688        2918        1698        2260        5253        5948        4738        12108       42321       N           141049      151204      141458      136024      130374      129788      126543      133476      130062      148565      142339      145422      137127      N           1793431     121121      723         2168        N           
  8740OKDEPARTMENT OF EDUCATION            2500 NORTH LINCOLN BLVD.     OKLAHOMA CITY     OKLAHOMA                           73105     (405) 521-335446          1129        14775       14991       3574        34515       3750        342         684         1026        662         M           580         958         1761        3505        17065       2382        48529       54941       46889       44181       43254       42910       41240       39999       41652       43738       43659       43056       40552       7230        584212      35514       M           9404        M           
  8741ORDEPARTMENT OF EDUCATION            700 PRINGLE PARKWAY SE       SALEM             OREGON                             97310     (503) 378-363148          784         13097       10193       789         24911       3995        N           N           1064        759         N           895         1636        1397        2387        10167       1514        30699       38242       35881       36629       35330       35419       34120       34310       33160       34338       34569       34530       33495       3659        455895      27165       N           7223        1087        
  8742PADEPARTMENT OF EDUCATION            333 MARKET STREET            HARRISBURG        PENNSYLVANIA                       17126     (717) 787-2644N           2505        42332       47305       11165       103307      10187       958         2211        3169        1921        1230        7808        6920        3859        5751        41477       N           124471      136411      123262      118902      114588      112801      110500      118333      118544      133426      133449      131877      130812      61166       1668542     121219      N           N           N           
  8744RIDEPARTMENT OF EDUCATION            22 HAYES STREET              PROVIDENCE        RHODE ISLAND                       02908     (401) 277-2841M           248         3726        3761        1199        8934        901         72          256         328         220         68          145         709         526         479         2259        303         10103       12439       10440       9815        9449        9417        9022        9633        9543        10712       10311       9993        9558        4062        134800      8771        M           328         15          
  8745SCSTATE DEPARTMENT OF EDUCATION      1429 SENATE STREET           COLUMBIA          SOUTH CAROLINA                     29201     (803) 734-8262335         1016        21787       12563       N           35701       5652        544         626         1170        1074        597         790         2051        1994        2435        11093       N           41725       55612       50052       48256       47256       47544       45984       47749       47407       54003       47599       43138       38596       N           614921      36000       N           N           N           
  8746SDDEPT. OF EDUC. & CULTURAL AFFAIRS  KNEIP BLDG. NEW OFF. BLDG    PIERRE            SOUTH DAKOTA                       57501     (605) 773-324817          389         4374        3339        53          8172        1178        115         134         249         183         72          153         592         430         495         2678        367         11165       11312       10853       10251       9702        9524        9262        9249        8573        8461        8789        8987        8829        1493        126817      8074        N           1289        N           
  8747TNSTATE DEPARTMENT OF EDUCATION      100 CORDELL HULL BUILDING    NASHVILLE         TENNESSEE                          37219     (615) 741-87250           0           26462       15620       0           42082       7401        312         719         1031        1318        0           632         0           4112        4065        22615       N           62046       71358       63160       62962       61272       61386       58730       62973       61192       66160       62961       59011       53219       17353       823783      44731       N           9971        N           
  8748TXTEXAS EDUCATION AGENCY             1701 NORTH CONGRESS AVE.     AUSTIN            TEXAS                              78701     (512) 463-97012783        10171       83872       86211       4122        187159      27945       1699        3635        5334        3406        3928        5942        4126        12357       24815       102228      70739       258953      291838      267937      255260      247433      242202      237689      244307      234498      264328      228118      210751      182734      N           3236787     168430      N           N           N           
  8749UTSTATE OFFICE OF EDUCATION          250 EAST FIFTH SOUTH         SALT LAKE CITY    UTAH                               84111     (801) 538-76690           742         8509        5916        1957        17124       2561        108         304         412         319         314         322         428         804         1239        6453        0           37235       37239       37933       36575       33159       34640       32967       30331       29148       28117       26792       26684       25076       7490        423386      20930       M           M           M           
  8750VTSTATE DEPARTMENT OF EDUCATION      120 STATE STREET             MONTPELIER        VERMONT                            05602     (802) 828-3151M           309         2567        2964        816         6656        1263        87          172         259         170         145         366         251         665         515         2031        M           7867        8380        7560        7211        6989        6846        6692        6781        6686        6439        6314        6473        6380        2137        92755       5968        N           1278        N           
  8751VADEPARTMENT OF EDUCATION            POST OFFICE BOX 6-Q          RICHMOND          VIRGINIA                           23216     (804) 225-209982          2936        30901       25525       484         59928       8405        284         1796        2080        1754        N           1785        679         3085        5457        31266       1798        78874       79758       75983       73733       70388       69674       67629       70161       71870       79449       73855       71400       69422       25423       979417      65008       675         9164        698         
  8753WASUPERINTENDENT OF PUB. INSTRUCTION OLD CAPITOL BLDG. FG-11      OLYMPIA           WASHINGTON                         98504     (206) 753-1700M           M           18677       16005       3662        38344       5120        148         1092        1240        1114        706         1006        2111        2247        2893        13624       2071        64898       68313       63718       61217       58413       58016       54536       55396       54358       58149       58120       60073       58477       N           775755      49873       M           2681        M           
  8754WVSTATE DEPARTMENT OF EDUCATION      1900 WASHINGTON STREET       CHARLESTON        WEST VIRGINIA                      25305     (304) 348-630018          868         10070       7985        3761        22702       2888        M           M           558         371         5           525         1630        1308        590         10838       508         24629       26420       25487       24154       25515       25707       24767       26998       26164       27171       26230       25193       23296       11997       344236      22401       M           5285        M           
  8755WISTATE DEPT. OF PUBLIC INSTRUCTION  POST OFFICE BOX 7841         MADISON           WISCONSIN                          53707     (608) 266-1746316         1747        26281       16854       2523        47721       5812        542         915         1457        1136        1166        1051        2119        2019        3245        14614       11074       62509       62247       59138       56361       53928       53006       49624       52862       51784       59832       60960       63059       63351       12628       772363      56872       N           4649        N           
  8756WYSTATE DEPARTMENT OF EDUCATION      HATHAWAY BUILDING            CHEYENNE          WYOMING                            82002     (307) 777-62650           239         2188        3491        880         6798        1266        M           170         170         133         0           333         304         324         798         3247        0           8516        8811        8424        8168        7538        7521        7115        7312        6964        7009        7057        7162        6741        117         98455       5933        0           374         19          
  8760ASDEPARTMENT OF EDUCATION            P.O. BOX DOE                 PAGO PAGO         AMERICAN SAMOA                     96799     (684) 633-523769          36          339         179         33          656         24          0           22          22          8           25          22          75          64          20          290         1123        757         825         850         804         788         826         832         787         721         715         756         736         647         81          11248       647         0           16          M           
  8766GUDEPARTMENT OF EDUCATION            POST OFFICE BOX DE           AGANA             GUAM                               96910     (671) 472-890118          80          607         675         27          1407        73          10          41          51          26          12          11          M           60          116         1128        379         2204        2255        2089        2091        2019        2038        1905        1817        1916        2567        1797        1607        1107        145         25936       898         M           60          M           
  8769CMDEPARTMENT OF EDUCATION            COMMONWEALTH OF N MARIANA    SAIPAN MARIANA IS.COMMONWEALTH OF MARIANAS           96950     (OS*) 933-9312M           15          187         103         M           305         62          2           5           7           8           6           M           16          31          57          20          M           457         506         525         486         439         456         497         404         441         377         373         323         322         213         5819        289         M           M           M           
  8772PRSTATE DEPARTMENT OF EDUCATION      AVENIDA TENIENTE GONZALEZ    HATO REY          PUERTO RICO                        00919     (809) 754-7621M           720         17094       13314       1941        33069       2278        M           615         615         729         86          313         26          2230        396         2572        M           31244       61602       57865       57538       58984       58432       55699       56726       51246       45838       46887       42185       35105       13486       672837      30137       5412        8615        0           
  8778VIDEPARTMENT OF EDUCATION            POST OFFICE BOX 6640         ST. THOMAS        VIRGIN ISLANDS                     00801     (809) 774-0100M           78          710         688         114         1590        332         33          35          68          43          7           126         268         85          111         624         M           1805        1892        1850        1804        1817        1810        1652        2213        1626        1975        1729        1364        1305        1178        24020       1170        145         398         M           
