87 1ALALABAMA                     443351170    12923187  1372962541   241402041  2070638939   953220806   176914806  1130135612   477475993    61629486   539105479    76497265    30258584   106755849  1507194064   268802876  1775996940           0           0           0    65358199           0    65358199    72374202           0    72374202  1434819862   268802876  1703622738      690256    21986252   250504258   272490510     2310499           0     2310499    24296751   250504258   274801009     7016003           0     7016003   443351170  1372962541   241402041  2070638939
87 2AKALASKA                      180273701           N   465599252    85277418   731150371   476738365    31412618   508150983   241689212           0   241689212    18646264      528041    19174305   737073841    31940659   769014500           0           0           0     8631190           0     8631190    10674194           0    10674194   726399647    31940659   758340306       96004           N    26856300    26856300           N           N           N           N    26856300    26856300     2043004           0     2043004   180273701   465599252    85277418   731150371
87 4AZARIZONA                     801528775    98605365  1017425316   189004379  2106563835  1058852297           0  1058852297   704684758    19784356   724469114    53586150           M    53586150  1817123205    19784356  1836907561     1828729           M     1828729    40047965      784256    40832221    47193544     1143930    48337474  1769929661    18640426  1788570087      518277   218534721     1607414   220142135           N           N           N   218534721     1607414   220142135     5316850      359674     5676524   801528775  1017425316   189004379  2106563835
87 5ARARKANSAS                    372616694     2072253   608757035   128173110  1111619092   614114075    79976387   694090462   334986041    37064466   372050507    52763093           0    52763093  1001863209   117040853  1118904062      267576           0      267576    39010082     2163367    41173449    42890552     2782689    45673241   958972657   114258164  1073230821      409388    64801193    93166316   157967509    10423335      612560    11035895    75224528    93778876   169003404     3612894      619322     4232216   372616694   608757035   128173110  1111619092
87 6CACALIFORNIA                 4025733355    13913954 11961833968  1217997531 17219478808  8559968570   704239205  9264207775  5963981208   777084859  6741066067   426221502    81172161   507393663 14950171280  1562496225 16512667505     1735504           0     1735504   296351867    79237485   375589352   336427246    80038280   416465526 14613744034  1482457945 16096201979     4429792  2324740738   580166570  2904907308   108094242           0   108094242  2432834980   580166570  3013001550    38339875      800795    39140670  4025733355 11961833968  1217997531 17219478808
87 8COCOLORADO                   1341012258     1965879   935154168   117590451  2395722756  1255396478    16217430  1271613908   797177327    15813657   812990984    45255378      103506    45358884  2097829183    32134593  2129963776           0           0           0    26440448     3131473    29571921    29993161     3317357    33310518  2067836022    28817236  2096653258      513587   277957201     3328752   281285953     8098356      543033     8641389   286055557     3871785   289927342     3552713      185884     3738597  1341012258   935154168   117590451  2395722756
87 9CTCONNECTICUT                1448135729           N  1043372845   114872720  2606381294  1306815842   244290523  1551106365   766226161    54516292   820742453    41606765     1252579    42859344  2114648768   300059394  2414708162      474628           0      474628    31804048     1435884    33239932    36366291     1448580    37814871  2078282477   298610814  2376893291      444285   199333418   204723910   404057328    27960226           0    27960226   227293644   204723910   432017554     4087615       12696     4100311  1448135729  1043372845   114872720  2606381294
8710DEDELAWARE                     99103477           N   297291271    32997633   429392381   279436240           0   279436240   128638949           0   128638949    10041007           0    10041007   418116196           0   418116196           0           0           0    12279118           0    12279118    14363788           0    14363788   403752408           0   403752408       86655    74859997           N    74859997     6407025           N     6407025    81267022           N    81267022     2084670           0     2084670    99103477   297291271    32997633   429392381
8711DCDIST. COLUMBIA              388641000     2969000     2725000    45460000   439795000   282403000           0   282403000   134272000           0   134272000    24460000           0    24460000   441135000           0   441135000       52000           0       52000    12361000           0    12361000    14770832           0    14770832   426364168           0   426364168       76822    20416000           .    20416000           .           .           .    20416000           .    20416000     2357832           0     2357832   388641000     2725000    45460000   439795000
8712FLFLORIDA                    2553650758           N  3581688245   475227538  6610566541  3225085323     9891404  3234976727  2221848631     2097718  2223946349   191159923           0   191159923  5638093877    11989122  5650082999      329606           0      329606   140206735           0   140206735   155442534           0   155442534  5482651343    11989122  5494640465     1489146   954863721           N   954863721           .           N           N   954863721           N   954863721    14906193           0    14906193  2553650758  3581688245   475227538  6610566541
8713GAGEORGIA                    1232133965           N  2016070825   263083094  3511287884  2021919565    23427711  2045347276  1109114693    12812612  1121927305    86505924     1005641    87511565  3217540182    37245964  3254786146      876442           0      876442    92924295      625144    93549439   103534236     2653097   106187333  3114005946    34592867  3148598813     1023127   466473875    37245964   503719839     8019682           N     8019682   474493557    37245964   511739521     9733499     2027953    11761452  1232133965  2016070825   263083094  3511287884
8715HIHAWAII                         527969           N   522095677    70190871   592814517   352508659           0   352508659   193564649           0   193564649    30675203           0    30675203   576748511           0   576748511           0           0           0    10766389           0    10766389    13131944           0    13131944   563616567           0   563616567      152287    81960408           N    81960408     1303260           N     1303260    83263668           N    83263668     2365555           0     2365555      527969   522095677    70190871   592814517
8716IDIDAHO                       154035739           N   342285603    48203176   544524518   286898545    26486502   313385047   161351337    14895972   176247309    21735053     1643154    23378207   469984935    43025628   513010563     1188012           0     1188012    12458618           0    12458618    14885867           0    14885867   455099068    43025628   498124696      198449    29932353    53692202    83624555     5444382           0     5444382    35376735    53692202    89068937     1239237           0     1239237   154035739   342285603    48203176   544524518
8717ILILLINOIS                   3405774977           N  2358187900   261451859  6025414736  3524921315   337423312  3862344627  2375571863           0  2375571863   192119239    33527808   225647047  6092612417   370951120  6463563537     7376786           0     7376786   160911149           0   160911149   185357836           0   185357836  5907254581   370951120  6278205701     1574128   638615999   326873312   965489311    79555499           .    79555499   718171498   326873312  1045044810    17069901           0    17069901  3405774977  2358187900   261451859  6025414736
8718ININDIANA                    1310058410     6736286  2070468746   176260303  3563523745  1733064969   219381167  1952446136   997389765    87333324  1084723089    69421041       25600    69446641  2799875775   306740091  3106615866     2095705           0     2095705    53490077      533790    54023867    64489958      533790    65023748  2735385817   306206301  3041592118      873733   262760807   245626633   508387440    37360162      357214    37717376   300120969   245983847   546104816     8904176           0     8904176  1310058410  2070468746   176260303  3563523745
8719IAIOWA                        930653812           N   790087912    94573714  1815315438   967002415    24873374   991875789   557794156   107352946   665147102    51417458           0    51417458  1576214029   132226320  1708440349     2407353           0     2407353    27587509           0    27587509    34571121           0    34571121  1541642908   132226320  1673869228      453150   199720469    14093337   213813806    18868985           .    18868985   218589454    14093337   232682791     4576259           0     4576259   930653812   790087912    94573714  1815315438
8720KSKANSAS                      780708725   107527650   712445182    80983856  1681665413   833059406    30927717   863987123   561655042     9688710   571343752    49790944     1692351    51483295  1444505392    42308778  1486814170     1900362           0     1900362    24037070           0    24037070    29608875           0    29608875  1414896517    42308778  1457205295      378073   146174562    42308779   188483341    25672067           .    25672067   171846629    42308779   214155408     3671443           0     3671443   780708725   712445182    80983856  1681665413
8721KYKENTUCKY                    394960136           N  1069039382   192267691  1656267209  1027641397   130447322  1158088719   333320949    15160490   348481439    76587917           0    76587917  1437550263   145607812  1583158075     1717798           0     1717798    59856289           0    59856289    65439707           0    65439707  1372110556   145607812  1517718368      579226    23848228   130447322   154295550    21739822           0    21739822    45588050   130447322   176035372     3865620           0     3865620   394960136  1069039382   192267691  1656267209
8722LALOUISIANA                   807597128           N  1331213460   277626530  2416437118  1140657491   151661410  1292318901   736730799    68206788   804937587   153961476     9174931   163136407  2031349766   229043129  2260392895     3845580           0     3845580    90441799      964563    91406362   104634177      964563   105598740  1926715589   228078566  2154794155      736474   183612532   178319346   361931878    33957203     5336803    39294006   217569735   183656149   401225884    10346798           M    10346798   807597128  1331213460   277626530  2416437118
8723MEMAINE                       338633213           N   391503048    49681235   779817496   453382463    69425035   522807498   214882720           0   214882720     2356897    20398494    22755391   670622080    89823529   760445609      351620           0      351620    15519885      782274    16302159    17764870     1255615    19020485   652857210    88567914   741425124      197539    36847773    68642761   105490534     5682416           0     5682416    42530189    68642761   111172950     1893365      473341     2366706   338633213   391503048    49681235   779817496
8724MDMARYLAND                   1765252694           N  1241549743   164248623  3171051060  1498397487   295086181  1793483668   926382620    67987570   994370190    57550055           0    57550055  2482330162   363073751  2845403913     6482273           0     6482273    55946265           0    55946265    69175266           0    69175266  2413154896   363073751  2776228647      595618   198216134   363073751   561289885    23715285           N    23715285   221931419   363073751   585005170     6746728           0     6746728  1765252694  1241549743   164248623  3171051060
8725MAMASSACHUSETTS              2050838326           N  1850687957   201764606  4103290889  2243418166   204911252  2448329418  1196833295           0  1196833295    98968097           0    98968097  3539219558   204911252  3744130810     3270268           0     3270268    75940586           0    75940586    88908803           0    88908803  3450310755   204911252  3655222007      727680   135524432   204911252   340435684   103881643           N   103881643   239406075   204911252   444317327     9697949           0     9697949  2050838326  1850687957   201764606  4103290889
8726MIMICHIGAN                   4285532000     6024706  2525785146   425532032  7242873884  3200180995   462730970  3662911965  2225986739   388922659  2614909398   135393716    14341299   149735015  5561561450   865994928  6427556378    38328765     1567405    39896170   135057947     7888110   142946057   184197786    12914107   197111893  5377363664   853080821  6230444485     1476471   696968710   536598926  1233567636    61306251           0    61306251   758274961   536598926  1294873887    10811074     3458592    14269666  4285532000  2525785146   425532032  7242873884
8727MNMINNESOTA                  1191484219    12678685  1765774517   131723390  3101660811  1718861635    49405705  1768267340   903217319    15320279   918537598   129869971     1714832   131584803  2751948925    66440816  2818389741     8364326           0     8364326    37472288           0    37472288    52370582           0    52370582  2699578343    66440816  2766019159      674245   427177251           N   427177251    30890648           N    30890648   458067899           N   458067899     6533968           0     6533968  1191484219  1765774517   131723390  3101660811
8728MSMISSISSIPPI                 261358508      481083   701829067   112610231  1076278889   686899697     3819294   690718991   330678007           0   330678007    91137844           0    91137844  1108715548     3819294  1112534842     1999690           0     1999690    77040787           0    77040787    83882235      969392    84851627  1024833313     2849902  1027683215      473424   131000684           N   131000684           N           N           N   131000684           N   131000684     4841758      969392     5811150   261358508   701829067   112610231  1076278889
8729MOMISSOURI                   1358319089    86127652  1132197526   172985923  2749630190  1516155687    25652286  1541807973   890130143    19800409   909930552    64107248           0    64107248  2470393078    45452695  2515845773     1267843           0     1267843    47163017           0    47163017    54840180           0    54840180  2415552898    45452695  2461005593      724710   189335943           .   189335943    95733403           .    95733403   285069346           .   285069346     6409320           0     6409320  1358319089  1132197526   172985923  2749630190
8730MTMONTANA                     215444622    60880583   302825215    53807454   632957874   366171212           0   366171212   188782065     1500000   190282065    27408189           0    27408189   582361466     1500000   583861466      467816           0      467816    11104180           0    11104180    13517230           0    13517230   568844236     1500000   570344236      139199    88211575           0    88211575           0           0           0    88211575           0    88211575     1945234           0     1945234   215444622   302825215    53807454   632957874
8731NENEBRASKA                    705985243    11235752   226669515    61694864  1005585374   580951974    22909460   603861434   301357929    16730105   318088034    26199635           0    26199635   908509538    39639565   948149103     1187926           0     1187926    17031165     1863403    18894568    20167860     2576149    22744009   888341678    37063416   925405094      252457   113298137     4081171   117379308     9344652       42225     9386877   122642789     4123396   126766185     1948769      712746     2661515   705985243   226669515    61694864  1005585374
8732NVNEVADA                      333816873           N   235572043    26432406   595821322   309757312           0   309757312   195988165           0   195988165     7268265           0     7268265   513013742           0   513013742           0           0           0     5957042           0     5957042     7835556           0     7835556   505178186           0   505178186      149136    85995538           N    85995538           N           N           N    85995538           N    85995538     1878514           0     1878514   333816873   235572043    26432406   595821322
8733NHNEW HAMPSHIRE               587165067           N    38075898    21827647   647068612   382790196      636450   383426646   198312488       62870   198375358     8047999           0     8047999   589150683      699320   589850003     3699764           0     3699764     8887545       81460     8969005    14137494      469006    14606500   575013189      230314   575243503      149963    55847959      139382    55987341           0           0           0    55847959      139382    55987341     1550185      387546     1937731   587165067    38075898    21827647   647068612
8734NJNEW JERSEY                 3464593615           N  2837624770   290771142  6592989527  3257496829   613793000  3871289829  2043734333           0  2043734333   110598309    73850059   184448368  5411829471   687643059  6099472530           0           0           0   111017056           0   111017056   121367480           0   121367480  5290461991   687643059  5978105050     1024611   141495201   613793000   755288201   387289369           0   387289369   528784570   613793000  1142577570    10350424           0    10350424  3464593615  2837624770   290771142  6592989527
8735NMNEW MEXICO                  127823072           N   757265828   123188170  1008277070   490583647     7618086   498201733   323560137           0   323560137    37577831     6449308    44027139   851721615    14067394   865789009           0           0           0    26835043           0    26835043    29504372           0    29504372   822217243    14067394   836284637      243340   112305309           N   112305309     8529347           N     8529347   120834656           N   120834656     2669329           0     2669329   127823072   757265828   123188170  1008277070
8736NYNEW YORK                   8306240956           N  6688732970   762060550 15757034476  9645109552           0  9645109552  4619446560           0  4619446560   460130432           0   460130432 14724686544           0 14724686544    21057427           0    21057427   335596542           0   335596542   383107646           0   383107646 14341578898           0 14341578898     2266283  2853633221           N  2853633221   192210878           N   192210878  3045844099           N  3045844099    26453677           0    26453677  8306240956  6688732970   762060550 15757034476
8737NCNORTH CAROLINA              904869638           N  2294415710   274712883  3473998231  2056552524    38010075  2094562599   966844317           0   966844317   131929826           0   131929826  3155326667    38010075  3193336742     5492619           0     5492619    77779011           0    77779011    93155001           0    93155001  3062171666    38010075  3100181741     1020702   493920512           0   493920512           0           0           .   493920512           0   493920512     9883371           0     9883371   904869638  2294415710   274712883  3473998231
8738NDNORTH DAKOTA                159614460     8360405   214062603    39714094   421751562   229929053      608548   230537601   122870430     4851308   127721738    16681876           0    16681876   369481359     5459856   374941215      406730           0      406730     8089746       68555     8158301    10267458       68555    10336013   359213901     5391301   364605202      109074    50396040      460229    50856269           0           0           0    50396040      460229    50856269     1770982           0     1770982   159614460   214062603    39714094   421751562
8739OHOHIO                       2821884234      721269  3124823399   348957068  6296385970  3443715028    98688972  3542404000  2209784292   162564550  2372348842   199015396      658057   199673453  5852514716   261911579  6114426295     9041528      815349     9856877   104589879      279900   104869779   144549259     1301017   145850276  5707965457   260610562  5968576019     1664709  1025320197    29458598  1054778795    12295245      509059    12804304  1037615442    29967657  1067583099    30917852      205768    31123620  2821884234  3124823399   348957068  6296385970
8740OKOKLAHOMA                    426949288    48333162  1134944958    95973237  1706200645   966643094   144238830  1110881924   529893074     5360559   535253633    55240649     6019322    61259971  1551776817   155618711  1707395528      820256           0      820256    36538080           0    36538080    42634450           0    42634450  1509142367   155618711  1664761078      550949   158764546    97958500   256723046    21911684           N    21911684   180676230    97958500   278634730     5276114           0     5276114   426949288  1134944958    95973237  1706200645
8741OROREGON                     1181509271    36764048   522194973   123033150  1863501442   992076949           M   992076949   692747443           M   692747443    62300252           M    62300252  1747124644           M  1747124644     1291572           M     1291572    33554881           M    33554881    38842870           0    38842870  1708281774           0  1708281774      402855   386967891           M   386967891     3542549           M     3542549   390510440           M   390510440     3996417           M     3996417  1181509271   522194973   123033150  1863501442
8742PAPENNSYLVANIA               3989641709    25983703  3825203678   418455272  8259284362  3449199699   927994073  4377193772  2158529775   417373138  2575902913   212262567    11526848   223789415  5819992041  1356894059  7176886100    20824621     7575007    28399628   148575921           0   148575921   185263505     7591917   192855422  5634728536  1349302142  6984030678     1554642  1087826173   496160866  1583987039    44474760           0    44474760  1132300933   496160866  1628461799    15862963       16910    15879873  3989641709  3825203678   418455272  8259284362
8744RIRHODE ISLAND                333676505           N   268309644    28235452   630221601   377859780    29659627   407519407   184668159           0   184668159     5529257    10601023    16130280   568057196    40260650   608317846       45492           0       45492    11671330      275147    11946477    13584615      677129    14261744   554472581    39583521   594056102      122024    90577382    29659627   120237009           .           .           .    90577382    29659627   120237009     1867793      401982     2269775   333676505   268309644    28235452   630221601
8745SCSOUTH CAROLINA              674814608    23189238  1112846390   175914730  1986764966   992493174   123725280  1116218454   515473137    90050332   605523469    78386530    14031628    92418158  1586352841   227807240  1814160081     3900126      124384     4024510    48359438      377336    48736774    57500850     1441621    58942471  1528851991   226365619  1755217610      564508    88707221   160005236   248712457           0           0           0    88707221   160005236   248712457     5241286      939901     6181187   674814608  1112846390   175914730  1986764966
8746SDSOUTH DAKOTA                248316753     6483270   113408732    49341122   417549877   219928619           0   219928619   126286112           0   126286112    22051029           0    22051029   368265760           0   368265760      471579           0      471579    11704407           0    11704407    14052884           0    14052884   354212876           0   354212876      118902    43345000           N    43345000     2977361           N     2977361    46322361           N    46322361     1876898           0     1876898   248316753   113408732    49341122   417549877
8747TNTENNESSEE                   916819627           N   918664849   228486959  2063971435  1381764154   133114306  1514878460   459493716    49234058   508727774   143419698           0   143419698  1984677568   182348364  2167025932           0           0           0    65475250           0    65475250    65475250     7429663    72904913  1919202318   174918701  2094121019      766521   167415533   182348364   349763897    26336602           0    26336602   193752135   182348364   376100499           0     7429663     7429663   916819627   918664849   228486959  2063971435
8748TXTEXAS                      5419034556    32300142  5603133088   846463555 11900931341  5578521311   487814444  6066335755  3194886184   298644926  3493531110   482782352   109871385   592653737  9256189847   896330755 10152520602    36847770           0    36847770   246974621           0   246974621   315489463           0   315489463  8940700384   896330755  9837031139     2977783   209748099   555154451   764902550           .      351370      351370   209748099   555505821   765253920    31667072           0    31667072  5419034556  5603133088   846463555 11900931341
8749UTUTAH                        456252187           N   627117933    69985854  1153355974   614263863           0   614263863   282288773           0   282288773    36187489           0    36187489   932740125           0   932740125     3631367           0     3631367    11401068           0    11401068    17638735           0    17638735   915101390           0   915101390      386306   177870130           N   177870130     3707123           N     3707123   181577253           N   181577253     2606300           0     2606300   456252187   627117933    69985854  1153355974
8750VTVERMONT                     234990228           N   133284431    19737859   388012518   210479872    30197300   240677172   107724684    22940601   130665285     6921927           0     6921927   325126483    53137901   378264384     1163172           0     1163172     2255575     5973707     8229282     3855878     7744464    11600342   321270605    45393437   366664042       85985    32889713    19693565    52583278     8667719      124465     8792184    41557432    19818030    61375462      437131     1770757     2207888   234990228   133284431    19737859   388012518
8751VAVIRGINIA                            0           N           0           0           .  2241055995           0  2241055995  1117993232           0  1117993232    85902847           0    85902847  3444952074           0  3444952074     2686429           0     2686429    57953058           0    57953058    69391789           0    69391789  3375560285           0  3375560285      911261   611931995           0   611931995    16211492           0    16211492   628143487           0   628143487     8752302           0     8752302  2210984843  1217524653   249824538  3678334324
8753WAWASHINGTON                  659860504     3895365  2258429518   196047144  3118232531  1638310299           0  1638310299  1048021888    27007686  1075029574    95296163           0    95296163  2781628350    27007686  2808636036     9165016           0     9165016    52053078      958425    53011503    67921866      958425    68880291  2713706484    26049261  2739755745      708584   485684704           0   485684704    30850690           0    30850690   516535394           0   516535394     6703772           0     6703772   659860504  2258429518   196047144  3118232531
8754WVWEST VIRGINIA               302272918      162429   864138380    93293306  1259867033   592721248           0   592721248   460192918   113832416   574025334    62322720           0    62322720  1115236886   113832416  1229069302      568436           0      568436    29099976      305855    29405831    32833989     1063875    33897864  1082402897   112768541  1195171438      324791    75133502   112768541   187902043    10345975           0    10345975    85479477   112768541   198248018     3165577      758020     3923597   302272918   864138380    93293306  1259867033
8755WIWISCONSIN                  2006201258     1462759  1141259206   154313721  3303236944  1928687934           0  1928687934  1102026035           0  1102026035    56163787           0    56163787  3086877756           0  3086877756     1545731           0     1545731    49805596           0    49805596    58770129           0    58770129  3028107627           0  3028107627      682560   537488836           N   537488836    55373251           N    55373251   592862087           N   592862087     7418802           0     7418802  2006201258  1141259206   154313721  3303236944
8756WYWYOMING                     271731138    53035885   261877284    22550868   609195175   295188311           0   295188311   185910536           0   185910536     8726255           0     8726255   489825102           0   489825102      267213           0      267213     5025399           0     5025399     7006422           0     7006422   482818680           0   482818680       94176    80681191           0    80681191     2003478           0     2003478    82684669           0    82684669     1713810           0     1713810   271731138   261877284    22550868   609195175
8760ASAMERICAN SAMOA                6956315           N           0    13523023    20479338     9551421           0     9551421     6545272           0     6545272     3400231           0     3400231    19496924           0    19496924           0           0           0     1698555           0     1698555     2158973           0     2158973    17337951           0    17337951       10559     2000395           .     2000395      500000           .      500000     2500395           .     2500395      460418           0      460418     6956315           0    13523023    20479338
8766GUGUAM                         81368770           N           0    10708731    92077501           0    56654453    56654453           0    18588599    18588599           0     3035425     3035425           0    78278477    78278477           0           0           0           0     1958135     1958135           0     3260687     3260687           0    75017790    75017790       23409           0     7929689     7929689           0      371687      371687           0     8301376     8301376           0     1302552     1302552    81368770           0    10708731    92077501
8769MPNO. MARIANAS                        0           N     9727793     5179751    14907544     8263379      275939     8539318     5350541           0     5350541     1824346           0     1824346    15438266      275939    15714205           0           0           0           0           0           0     1103756      275939     1379695    14334510           0    14334510        5071     1270738           N     1270738           N           N           N     1270738           N     1270738     1103756      275939     1379695           0     9727793     5179751    14907544
8772PRPUERTO RICO                 655178443           N           0   280937010   936115453   475902143   118465236   594367379   137438707    24883196   162321903    29386034    85974823   115360857   642726884   229323255   872050139           0           0           0           0   103687449   103687449           0   110181676   110181676   642726884   119141580   761868464      629922    61886136    18155746    80041882           N           N           N    61886136    18155746    80041882           0     6494227     6494227   655178443           0   280937010   936115453
8778VIVIRGIN ISLANDS               81824278           N           0    18369705   100193983    65079232     6539445    71618677    12635494     5733550    18369044     3024941     4571862     7596803    80739667    16844857    97584524           0           0           0           0           0           0           0     7760192     7760192    80739667     9084665    89824332       22814    11964069     1355208    13319277      198959      174112      373071    12163028     1529320    13692348           0     7760192     7760192    81824278           0    18369705   100193983
 . .                                      .           .           .           .           .           .           .           .           .           .           .           .           .           .           .           .           .           .           .           .           .           .           .           .           .           .           .           .           .           .           .           .           .           .           .           .           .           .           .           .           .           .           .           .           .           .
