88 1ALALABAMA                     486327057    29609889  1398658157   257108482  2171703585  1003146046   189777644  1192923690   505874576    65567883   571442459    76861738    32162471   109024209  1585882360   287507998  1873390358           0           0           0    69524984           0    69524984    75932651           0    75932651  1509949709   287507998  1797457707      689340    26145514   268034269   294179783     2097532           0     2097532    28243046   268034269   296277315     6407667           0     6407667   486327057  1398658157   257108482  2171703585
88 2AKALASKA                      198244231           N   491539728    87301867   777085826   458203540     5031315   463234855   279223138           0   279223138    13676845      442136    14118981   751103523     5473451   756576974           0           0           0     9212297           0     9212297    11161239           0    11161239   739942284     5473451   745415735       94917   106242629      756955   106999584           N           N           N   106242629      756955   106999584     1948942           0     1948942   198244231   491539728    87301867   777085826
88 4AZARIZONA                     954614700   119750960  1100794731   185845411  2361005802  1170636111           0  1170636111   763817043    21731093   785548136    46210425           M    46210425  1980663579    21731093  2002394672     2177419           M     2177419    41006598      748352    41754950    48517202     1142539    49659741  1932146377    20588554  1952734931      534812   231050534     2367236   233417770           N           N           N   231050534     2367236   233417770     5333185      394187     5727372   954614700  1100794731   185845411  2361005802
88 5ARARKANSAS                    393632606     2345136   681963608   133222487  1211163837   664551023    82621802   747172825   365738536    41883837   407622373    44154049    12207237    56361286  1074443608   136712876  1211156484      579796           0      579796    41913461     3186138    45099599    45392666     3822915    49215581  1029050942   132889961  1161940903      405196    74435383    97264630   171700013     9548167      624904    10173071    83983550    97889534   181873084     2899409      636777     3536186   393632606   681963608   133222487  1211163837
88 6CACALIFORNIA                 4017051023           N 12554881563  1312835991 17884768577  9531234090   771823219 10303057309  5855906515   719827492  6575734007   437270454    86001344   523271798 15824411059  1577652055 17402063114    39985247     8041288    48026535   323032965    89145354   412178319   399946374    97749064   497695438 15424464685  1479902991 16904367676     4531459  2484080228   579341560  3063421788   102276822     3165296   105442118  2586357050   582506856  3168863906    36928162      562422    37490584  4017051023 12554881563  1312835991 17884768577
88 8COCOLORADO                   1367832503     1500000   953857251   119942260  2443132014  1283312756    13733430  1297046186   811755237    17495566   829250803    46119096      146965    46266061  2141187089    31375961  2172563050           0           0           0    31498470     3440563    34939033    35653151     3633853    39287004  2105533938    27742108  2133276046      514838   296554393     3601875   300156268     8698343      584841     9283184   305252736     4186716   309439452     4154681      193290     4347971  1367832503   953857251   119942260  2443132014
88 9CTCONNECTICUT                1564616146           N  1220872075   105469267  2890957488  1491620962   291086904  1782707866   852145944    62516026   914661970    48876505     2320555    51197060  2392643411   355923485  2748566896      753463           0      753463    35086231      784522    35870753    40075738      877717    40953455  2352567673   355045768  2707613441      441150   228128063   242512366   470640429    30975497           0    30975497   259103560   242512366   501615926     4236044       93195     4329239  1564616146  1220872075   105469267  2890957488
8810DEDELAWARE                    110871484           N   318036767    35409514   464317765   295425352           0   295425352   134819279           0   134819279    10386421           0    10386421   440631052           0   440631052           0           0           0    12171878           0    12171878    14788817           0    14788817   425842235           0   425842235       87821    73581209           N    73581209     4607125           N     4607125    78188334           N    78188334     2616939           0     2616939   110871484   318036767    35409514   464317765
8811DCDIST. COLUMBIA              427467000     2973000     2873000    51404000   484717000   341535000           0   341535000   119800754           0   119800754    28021246           0    28021246   489357000           0   489357000       60026           0       60026    18623009           0    18623009    21158422           0    21158422   468198578           0   468198578       79801    25532209           .    25532209           .           .           .    25532209           .    25532209     2475387           0     2475387   427467000     2873000    51404000   484717000
8812FLFLORIDA                    2864394264           N  4104896758   497683586  7466974608  3597360353    19307317  3616667670  2464662521      216280  2464878801   207431009           0   207431009  6269453883    19523597  6288977480      224695           0      224695   149168632           0   149168632   164838086           0   164838086  6104615797    19523597  6124139394     1536866  1096422701           0  1096422701           M           0           M  1096422701           .  1096422701    15444759           0    15444759  2864394264  4104896758   497683586  7466974608
8813GAGEORGIA                    1322484137           N  2120594564   272309318  3715388019  2288897862           0  2288897862  1187171976           0  1187171976    72968520           0    72968520  3549038358           0  3549038358      877661           0      877661    91934680           0    91934680   105276507           0   105276507  3443761851           0  3443761851     1033459   559956517           N   559956517     1187698           N     1187698   561144215           N   561144215    12464166           0    12464166  1322484137  2120594564   272309318  3715388019
8815HIHAWAII                         537698           N   540441446    82156651   623135795   376492667           0   376492667   201416991           0   201416991    30354815           0    30354815   608264473           0   608264473           0           0           0    10788306           0    10788306    13198366           0    13198366   595066107           0   595066107      155220    81633905           N    81633905     1138678           N     1138678    82772583           N    82772583     2410060           0     2410060      537698   540441446    82156651   623135795
8816IDIDAHO                       160507697           N   369979244    49945192   580432133   308661270    21612367   330273637   167895189     8234055   176129244    24601391     1269985    25871376   501157850    31116407   532274257     1264954           0     1264954    13636535           0    13636535    16123757           0    16123757   485034093    31116407   516150500      199563    55662298    31116407    86778705     5792376           0     5792376    61454674    31116407    92571081     1222268           0     1222268   160507697   369979244    49945192   580432133
8817ILILLINOIS                   3736555496           N  2377115407   338715240  6452386143  3887161903   285163000  4172324903  2520665881           M  2520665881   204295222    26012323   230307545  6612123006   311175323  6923298329     6612657           0     6612657   188753979           0   188753979   214254219           0   214254219  6397868787   311175323  6709044110     1584745   709447503   275024400   984471903    84422928           M    84422928   793870431   275024400  1068894831    18887583           0    18887583  3736555496  2377115407   338715240  6452386143
8818ININDIANA                    1487805698     6837386  2144522312   186699232  3825864628  1925865701   150350890  2076216591  1120931742    59814982  1180746724    73541404       19799    73561203  3120338847   210185671  3330524518     2423257           0     2423257    50422220      678541    51100761    62163180      678541    62841721  3058175667   209507130  3267682797      877942   354151835   146466257   500618092    46726806      290329    47017135   400878641   146756586   547635227     9317703           0     9317703  1487805698  2144522312   186699232  3825864628
8819IAIOWA                        917711865    12617952   927099116   100754647  1958183580  1070311802    28857967  1099169769   593165954   115264860   708430814    51572572           0    51572572  1715050328   144122827  1859173155     2340546           0     2340546    29930298           0    29930298    36987119           0    36987119  1678063209   144122827  1822186036      450858   219146121           .   219146121    18523516           .    18523516   237669637           .   237669637     4716275           0     4716275   917711865   927099116   100754647  1958183580
8820KSKANSAS                      800420697   119830958   765478233    88013375  1773743263   884261562    35555840   919817402   580222000    11138560   591360560    54917221     1945600    56862821  1519400783    48640000  1568040783     1995380           M     1995380    25977046           M    25977046    31822754           0    31822754  1487578029    48640000  1536218029      384660   139925085    48640000   188565085    17255168           M    17255168   157180253    48640000   205820253     3850328           M     3850328   800420697   765478233    88013375  1773743263
8821KYKENTUCKY                    421201329           N  1185928326   212092713  1819222368  1144533883   147087527  1291621410   357103697    10563200   367666897    82510458           0    82510458  1584148038   157650727  1741798765     1770186           0     1770186    65345873           0    65345873    71600397           0    71600397  1512547641   157650727  1670198368      578550    27288187   147087527   174375714    27253403           N    27253403    54541590   147087527   201629117     4484338           0     4484338   421201329  1185928326   212092713  1819222368
8822LALOUISIANA                   851002475           N  1406638814   284048366  2541689655  1288201362    20372989  1308574351   786371095    12436504   798807599   181106285      753074   181859359  2255678742    33562567  2289241309     6818957           0     6818957    85508804     1065390    86574194   100112498     1075351   101187849  2155566244    32487216  2188053460      729492   372949020     4858286   377807306    22471705      658596    23130301   395420725     5516882   400937607     7784737        9961     7794698   851002475  1406638814   284048366  2541689655
8823MEMAINE                       374803184           N   459027710    52547102   886377996   493890786    92577814   586468600   232160205           0   232160205     2685513    18545462    21230975   728736504   111123276   839859780      227185           0      227185    17906912      777814    18684726    20502175      777814    21279989   708234329   110345462   818579791      197225    44808598    91800000   136608598     6244378           0     6244378    51052976    91800000   142852976     2368078           0     2368078   374803184   459027710    52547102   886377996
8824MDMARYLAND                   1948760338           N  1342090877   173331134  3464182349  1625788500   318449151  1944237651  1048486522    73370376  1121856898    62070689           0    62070689  2736345711   391819527  3128165238     6777490           0     6777490    58904241           0    58904241    72204792           0    72204792  2664140919   391819527  3055960446      601415   229137319   391819527   620956846    24275972           0    24275972   253413291   391819527   645232818     6523061           0     6523061  1948760338  1342090877   173331134  3464182349
8825MAMASSACHUSETTS              2392800363           N  1894326212   198120735  4485247310  2424773111   235900000  2660673111  1328106122           0  1328106122   109282492           0   109282492  3862161725   235900000  4098061725     3108651           0     3108651    78968644           0    78968644    90201589           0    90201589  3771960136   235900000  4007860136      749030   166226427   235900000   402126427   111907757           N   111907757   278134184   235900000   514034184     8124294           0     8124294  2392800363  1894326212   198120735  4485247310
8826MIMICHIGAN                   4512282040     6644912  2699031693   432044920  7650003565  3413482096   524606992  3938089088  2379120190   438024365  2817144555   140346187    17681435   158027622  5932948473   980312792  6913261265    43513378     1758870    45272248   136301796     6565818   142867614   190086342    11270153   201356495  5742862131   969042639  6711904770     1473542   732507005   664311377  1396818382    55051760     5164379    60216139   787558765   669475756  1457034521    10271168     2945465    13216633  4512282040  2699031693   432044920  7650003565
8827MNMINNESOTA                  1305079884    12128357  1842217901   139506561  3298932703  1863654102           0  1863654102   981165236           0   981165236   136389352           0   136389352  2981208690           0  2981208690     9308590           0     9308590    42266449           0    42266449    58419778           0    58419778  2922788912           0  2922788912      679729   412829374           .   412829374    30642048           .    30642048   443471422           .   443471422     6844739           0     6844739  1305079884  1842217901   139506561  3298932703
8828MSMISSISSIPPI                 277659465      452604   744428730   112512494  1135053293   758236604    11662837   769899441   355006478           0   355006478    96654357           0    96654357  1209897439    11662837  1221560276     1768039           0     1768039    81102649           0    81102649    87768586           0    87768586  1122128853    11662837  1133791690      479402   139694358           N   139694358           N           N           N   139694358           N   139694358     4897898           0     4897898   277659465   744428730   112512494  1135053293
8829MOMISSOURI                   1546597878    95285337  1248174923   179700127  3069758265  1657584075    26539016  1684123091   966060241    26402140   992462381    70648867           0    70648867  2694293183    52941156  2747234339     1458810           0     1458810    51625040           0    51625040    59674375           0    59674375  2634618808    52941156  2687559964      725661   214238268           N   214238268   115766371           N   115766371   330004639           N   330004639     6590525           0     6590525  1546597878  1248174923   179700127  3069758265
8830MTMONTANA                     225473060    58727994   301887985    49956277   636045316   364027774           0   364027774   188290916     1500000   189790916    36407303           0    36407303   588725993     1500000   590225993      471420           0      471420    11189640           0    11189640    13613202           0    13613202   575112791     1500000   576612791      139018    91750637           0    91750637           0           0           0    91750637           0    91750637     1952142           0     1952142   225473060   301887985    49956277   636045316
8831NENEBRASKA                    718299830    11846465   229260822    74610225  1034017342   622287314    20982311   643269625   311003744    16286456   327290200    24675105           0    24675105   957966163    37268767   995234930      832516           0      832516    16152004     1840725    17992729    19050261     1865885    20916146   938915902    35402882   974318784      252399   122134024      902575   123036599     7781653       30930     7812583   129915677      933505   130849182     2065741       25160     2090901   718299830   229260822    74610225  1034017342
8832NVNEVADA                      379894999           N   255583507    24811324   660289830   340619046           0   340619046   206345255           0   206345255     8307934           0     8307934   555272235           0   555272235           0           0           0     6484373           0     6484373     8475402           0     8475402   546796833           0   546796833      153252    94186146           .    94186146           N           N           N    94186146           .    94186146     1991029           0     1991029   379894999   255583507    24811324   660289830
8833NHNEW HAMPSHIRE               666830968           N    56752942    24630105   748214015   435112759      723157   435835916   232718650       73772   232792422     8878592           0     8878592   676710001      796929   677506930     5079531           0     5079531     5624434       21575     5646009    12578552       21575    12600127   664131449      775354   664906803      152000    68067920      135590    68203510           .           .           .    68067920      135590    68203510     1874587           0     1874587   666830968    56752942    24630105   748214015
8834NJNEW JERSEY                 3878534791           N  3079410319   292569382  7250514492  3558273039   679861000  4238134039  2199890870           0  2199890870   110426278    73408318   183834596  5868590187   753269318  6621859505           0           0           0   120322904           0   120322904   131994278           0   131994278  5736595909   753269318  6489865227     1008749   146082098   679861000   825943098   461755525           0   461755525   607837623   679861000  1287698623    11671374           0    11671374  3878534791  3079410319   292569382  7250514492
8835NMNEW MEXICO                  128879461           N   781229339   118599590  1028708390   518076004     8383086   526459090   342101588           0   342101588    42358974     5385010    47743984   902536566    13768096   916304662           0           0           0    28400108           0    28400108    31065321           0    31065321   871471245    13768096   885239341      248231   122510740           N   122510740     9061448           N     9061448   131572188           N   131572188     2665213           0     2665213   128879461   781229339   118599590  1028708390
8836NYNEW YORK                   8903529572           N  7416745417   774714992 17094989981 10505138701           0 10505138701  5070354956           0  5070354956   497898018           0   497898018 16073391675           0 16073391675    22001624           0    22001624   319556785           0   319556785   361173573           0   361173573 15712218102           0 15712218102     2247588  3077206074           N  3077206074   197891027           N   197891027  3275097101           N  3275097101    19615164           0    19615164  8903529572  7416745417   774714992 17094989981
8837NCNORTH CAROLINA              973783967           N  2529307023   286457369  3789548359  2229417541           0  2229417541  1061545137           0  1061545137   133231649           0   133231649  3424194327           0  3424194327           0           0           0    84898780           0    84898780    94987752           0    94987752  3329206575           0  3329206575     1016742   566289519           0   566289519           0           0           0   566289519           0   566289519    10088972           0    10088972   973783967  2529307023   286457369  3789548359
8838NDNORTH DAKOTA                163328245     8798353   222566949    38664124   433357671   235223327     1948888   237172215   126008396     6130567   132138963    16115989           0    16115989   377347712     8079455   385427167      836228           0      836228     9058942       90949     9149891    11687382       90949    11778331   365660330     7988506   373648836      109512    53736955      840882    54577837           0           0           0    53736955      840882    54577837     1792212           0     1792212   163328245   222566949    38664124   433357671
8839OHOHIO                       3065470914      514286  3206767252   338434139  6611186591  3656129327   103367170  3759496497  2319032082   165996600  2485028682   201385811      992318   202378129  6176547220   270356088  6446903308    11264180      330584    11594764   102760440      200193   102960633   131810101      727028   132537129  6044737119   269629060  6314366179     1612592  1118933123    32829813  1151762936    12099115      555705    12654820  1131032238    33385518  1164417756    17785481      196251    17981732  3065470914  3206767252   338434139  6611186591
8840OKOKLAHOMA                    445727044    48540371  1151783232   104479696  1750530343  1015567711   144204999  1159772710   462359065     5680421   468039486    58803031     5667809    64470840  1536729807   155553229  1692283036     1803609           0     1803609    36396715           0    36396715    44239086           0    44239086  1492490721   155553229  1648043950      547149   168523380    94366875   262890255    20082741           N    20082741   188606121    94366875   282972996     6038762           0     6038762   445727044  1151783232   104479696  1750530343
8841OROREGON                     1234072715    38044530   537546577   132638875  1942302697  1058175327    32505601  1090680928   743631917    42784769   786416686    67332432      226640    67559072  1869139676    75517010  1944656686     1055876           0     1055876    36151460     5204007    41355467    41450453     5222691    46673144  1827689223    70294319  1897983542      406054   425351548           M   425351548     3861505           M     3861505   429213053           M   429213053     4243117       18684     4261801  1234072715   537546577   132638875  1942302697
8842PAPENNSYLVANIA               4259122145    33987974  4026972282   461503026  8781585427  3774212914   937846812  4712059726  2295662769   415981469  2711644238   245856120    10426114   256282234  6315731803  1364254395  7679986198    22587411     7245483    29832894   165925664           0   165925664   204942348     7250091   212192439  6110789455  1357004304  7467793759     1539310  1260320007   442052016  1702372023    51850035           0    51850035  1312170042   442052016  1754222058    16429273        4608    16433881  4259122145  4026972282   461503026  8781585427
8844RIRHODE ISLAND                353815563           N   298371790    30298600   682485953   413896968    32160000   446056968   200711254           0   200711254     6180780    10851479    17032259   620789002    43011479   663800481       18123           0       18123    13359427      280491    13639918    15359548      748421    16107969   605429454    42263058   647692512      124559    99488810    32160000   131648810           M           M           M    99488810    32160000   131648810     1981998      467930     2449928   353815563   298371790    30298600   682485953
8845SCSOUTH CAROLINA              780462633    26094132  1184465565   184819848  2175842178  1172095105    20782611  1192877716   607153670    33252550   640406220    84418595    14799553    99218148  1863667370    68834714  1932502084     4098659      136806     4235465    54202397      386604    54589001    63858540     1747257    65605797  1799808830    67087457  1866896287      567091   267708802     1882928   269591730           M           M           M   267708802     1882928   269591730     5557484     1223847     6781331   780462633  1184465565   184819848  2175842178
8846SDSOUTH DAKOTA                266106652     6381521   114913733    47359428   434761334   232666323           0   232666323   134067753           0   134067753    22701813           0    22701813   389435889           0   389435889      445234           0      445234    12058960           0    12058960    14487961           0    14487961   374947928           0   374947928      119868    47815367           N    47815367     2948721           N     2948721    50764088           N    50764088     1983767           0     1983767   266106652   114913733    47359428   434761334
8847TNTENNESSEE                  1006079924           N   993897013   233465077  2233442014  1513027837   155755068  1668782905   493734973    34464141   528199114   155010624      190410   155201034  2161773434   190409619  2352183053           0           0           0    69575131           0    69575131    77452535           0    77452535  2084320899   190409619  2274730518      766651   191866573   190409619   382276192    28030310           0    28030310   219896883   190409619   410306502     7877404           0     7877404  1006079924   993897013   233465077  2233442014
8848TXTEXAS                      6030282924    31472173  5573371504   977742260 12612868861  6042154283   469560737  6511715020  3601749952   252121916  3853871868   339986585    86280548   426267133  9983890820   807963201 10791854021    37243839           0    37243839   328825758           0   328825758   403747278           0   403747278  9580143542   807963201 10388106743     2991242   465866452   523275822   989142274    49838305           0    49838305   515704757   523275822  1038980579    37677681           0    37677681  6030282924  5573371504   977742260 12612868861
8849UTUTAH                        449710244           N   660194835    73494179  1183399258   642954292           0   642954292   294622403           0   294622403    37089487           0    37089487   974666182           0   974666182     4068863           0     4068863    11747741           0    11747741    18969016           0    18969016   955697166           0   955697166      397214   188669624           N   188669624     2948456           N     2948456   191618080           N   191618080     3152412           0     3152412   449710244   660194835    73494179  1183399258
8850VTVERMONT                     307061883           N   165005559    21806161   493873603   275414801    29851021   305265822   136108318     8994169   145102487     6607875       15677     6623552   418130994    38860867   456991861     1196173           0     1196173     3011533     6438594     9450127     4698364     7898380    12596744   413432630    30962487   444395117       87760    39844019    21244349    61088368    14879673     1309666    16189339    54723692    22554015    77277707      490658     1459786     1950444   307061883   165005559    21806161   493873603
8851VAVIRGINIA                            0           N           0           0           0  2480177587           0  2480177587  1218720792           0  1218720792    94576636           0    94576636  3793475015           0  3793475015     3602462           0     3602462    63580797           0    63580797    74902413           0    74902413  3718572602           0  3718572602      914354   679186407           0   679186407    14816314           0    14816314   694002721           0   694002721     7719154           0     7719154  2379052619  1297436693   263876371  3940364200
8853WAWASHINGTON                  593669520     3732557  2428118508   193211172  3218731757  1761402291           0  1761402291  1113151556    30412701  1143564257   101013269           0   101013269  2975567116    30412701  3005979817     9686734           0     9686734    54277319     1182618    55459937    70616063     1182618    71798681  2904951053    29230083  2934181136      721952   502561082           0   502561082    29688438           0    29688438   532249520           0   532249520     6652010           0     6652010   593669520  2428118508   193211172  3218731757
8854WVWEST VIRGINIA               311740277      138202   853419060   103356568  1268654107   595077648           0   595077648   461268017   114191013   575459030    61429140           0    61429140  1117774805   114191013  1231965818     1024373           0     1024373    30468338      314355    30782693    34485033     1121773    35606806  1083289772   113069240  1196359012      319330    81196606   113069240   194265846     9292948           N     9292948    90489554   113069240   203558794     2992322      807418     3799740   311740277   853419060   103356568  1268654107
8855WIWISCONSIN                  1932600689     1296388  1464186810   154346555  3552430442  2085504830           0  2085504830  1171980854           0  1171980854    60761011           0    60761011  3318246695           0  3318246695     1568079           0     1568079    54283477           0    54283477    63838687           0    63838687  3254408008           0  3254408008      698963   601179060           N   601179060    56281609           N    56281609   657460669           N   657460669     7987131           0     7987131  1932600689  1464186810   154346555  3552430442
8856WYWYOMING                     223679103    42851046   279751138    22120985   568402272   281043889           0   281043889   177690496           0   177690496     8186369           0     8186369   466920754           0   466920754      224265           0      224265     5573489           0     5573489     7948505           0     7948505   458972249           0   458972249       92434    81378809           0    81378809     1726488           0     1726488    83105297           0    83105297     2150751           0     2150751   223679103   279751138    22120985   568402272
8860ASAMERICAN SAMOA                7752509           N           0    13294510    21047019    10716518           0    10716518     5779629           0     5779629     3690169           0     3690169    20186316           0    20186316           0           0           0     1892105           0     1892105     2373599           0     2373599    17812717           0    17812717       10579     2247446           .     2247446           .           .           .     2247446           .     2247446      481494           0      481494     7752509           0    13294510    21047019
8866GUGUAM                         76525573           N           0    11580072    88105645           0    55425635    55425635           0    17638338    17638338           0     3294819     3294819           0    76358792    76358792           0           0           0           0     1996194     1996194           0     3358374     3358374           0    73000418    73000418       23172           N     8306631     8306631           N           0           0           N     8306631     8306631           0     1362180     1362180    76525573           0    11580072    88105645
8869MPNO. MARIANAS                        0           N    12142800     5733086    17875886      313707     7700795     8014502     1407914     7449774     8857688           0     2821420     2821420     1721621    17971989    19693610           0           0           0           0           0           0      920516      306839     1227355      801105    17665150    18466255        5851           N     1534734     1534734           N           N           N           N     1534734     1534734      920516      306839     1227355           0    12142800     5733086    17875886
8872PRPUERTO RICO                 664926110           N           0   277253111   942179221   500201423   132589610   632791033   137242724    19783997   157026721    27403542   118171087   145574629   664847689   270544694   935392383           0           0           0           0   113084757   113084757           0   122964600   122964600   664847689   147580094   812427783      621731    64044263    30202857    94247120           .           .           .    64044263    30202857    94247120           0     9879843     9879843   664926110           0   277253111   942179221
8878VIVIRGIN ISLANDS               87050000           N           0    19482519   106532519    47176335      997975    48174310    24695138     9342385    34037523     2276714     4728741     7005455    74148187    15069101    89217288           0           0           0           0           0           0           0     6595087     6595087    74148187     8474014    82622201       22103     8951487     1072960    10024447      282161       98492      380653     9233648     1171452    10405100           0     6595087     6595087    87050000           0    19482519   106532519
