  86 1ALSTATE DEPARTMENT OF EDUCATION      STATE OFFICE BUILDING        MONTGOMERY        ALABAMA                            36130     (205) 261-2823N           M           19706       15772       1493        36971       3812        M           M           971         1192        M           1125        M           1949        485         24402       M           53672       64231       57357       58682       56939       53977       56059       60804       57261       62612       56014       50731       45396       0           733735      39620       0           0           0           
  86 2AKSTATE DEPARTMENT OF EDUCATION      ALASKA OFFICE BUILDING       JUNEAU            ALASKA                             99811     (907) 465-284130          256         2238        3924        M           6448        1184        4           162         166         156         138         349         18          369         1063        57          M           10334       10621       9080        8881        8706        7875        7580        7516        7313        7872        7894        7423        6753        0           107848      5464        0           0           0           
  86 4AZSTATE DEPARTMENT OF EDUCATION      1535 WEST JEFFERSON          PHOENIX           ARIZONA                            85007     (602) 255-4770M           936         20147       8021        0           29104       4363        264         429         693         583         519         1141        4293        1285        100         14126       M           43759       48259       42764       40831       40187       37402       37587       38364       38060       44263       43003       39685       35777       4597        534538      27533       M           M           0           
  86 5ARDEPARTMENT OF EDUCATION            EDUCATION BLDG. - RM 202A    LITTLE ROCK       ARKANSAS                           72201     (501) 371-1568N           1481        10736       12204       523         24944       2513        216         593         809         837         0           1230        1014        1254        1387        12384       M           34070       37490       34501       32880       32799       32189       32307       34341       34053       34501       35025       31354       28729       3199        437438      26227       0           0           0           
  86 6CASTATE DEPARTMENT OF EDUCATION      721 CAPITOL MALL             SACRAMENTO        CALIFORNIA                         95814     (916) 445-0775M           12620       102490      75374       0           190484      50774       1473        3611        5084        1187        0           9817        19466       14541       21173       72718       M           380608      374272      343780      330354      325902      314258      308678      312983      304787      348672      363756      341809      251281      76849       4377989     229026      0           0           0           
  86 8COSTATE DEPARTMENT OF EDUCATION      303 WEST COLFAX AVENUE       DENVER            COLORADO                           80204     (303) 866-684655          1150        14489       15010       N           30704       3963        119         857         976         757         1168        1061        1982        2397        2847        12682       2227        45843       48078       44239       41771       41114       39908       39878       39895       40066       44478       44794       42543       37327       6254        558415      32621       0           0           0           
  86 9CTSTATE DEPARTMENT OF EDUCATION      POST OFFICE BOX 2219         HARTFORD          CONNECTICUT                        06145     (203) 566-5469182         940         11020       16729       5381        34252       M           639         1311        1950        618         M           1011        2602        1453        2032        14313       3620        37432       38626       34357       32722       31912       30914       31309       32112       32229       37191       37775       37293       34742       16613       468847      33571       0           0           0           
  8610DESTATE DEPARTMENT OF EDUCATION      POST OFFICE BOX 1402         DOVER             DELAWARE                           19903     (302) 736-458336          197         2604        3046        0           5883        658         26          136         162         117         56          139         356         383         382         2461        286         7696        9014        7582        6851        6620        6422        6591        6865        6880        8103        8145        6734        6621        0           94410       5791        0           0           0           
  8611DCOFFICE OF THE SUPERINTENDENT       415 12TH STREET NW           WASHINGTON        DISTRICT OF COLUMBIA               20004     (202) 724-4253311         412         2568        2031        662         5984        622         101         54          155         168         0           533         126         295         1277        2785        3405        6546        7845        7096        6458        6200        5595        5322        6303        6085        5884        6193        5706        4230        2744        85612       3875        0           0           0           
  8612FLSTATE DEPARTMENT OF EDUCATION      CAPITOL BUILDING RM PL116    TALLAHASSEE       FLORIDA                            32301     (904) 488-5270170         5283        34905       36438       15173       91969       16333       1166        2623        3789        2331        1458        2584        N           5336        N           53839       4287        134732      133743      123061      117387      117394      114901      118947      130072      126414      145470      136424      114825      89663       0           1607320     83029       0           0           0           
  8613GASTATE DEPARTMENT OF EDUCATION      TWIN TOWERS EAST             ATLANTA           GEORGIA                            30334     (404) 656-2400M           3637        27375       19703       7166        57881       10093       M           M           1220        1848        N           659         3739        3614        3849        28414       M           88748       97804       86941       85014       81587       78926       81027       81996       83280       90274       83611       72877       64282       20058       1096425     59082       0           0           0           
  8615HISTATE DEPARTMENT OF EDUCATION      POST OFFICE BOX 2360         HONOLULU          HAWAII                             96804     (808) 548-5206M           M           3978        3130        183         7291        935         M           M           427         251         M           181         M           391         M           6416        304         13642       13779       13092       12355       12146       11744       10994       10667       10618       11896       12258       11858       10281       9006        164640      9958        0           0           0           
  8616IDSTATE DEPARTMENT OF EDUCATION      650 WEST STATE STREET        BOISE             IDAHO                              83720     (208) 334-2203M           442         4408        4532        852         10234       877         30          211         241         165         126         295         425         519         410         2747        M           16646       18528       17679       17018       16672       15859       15499       15661       14956       15080       15389       14496       13164       1744        208391      12059       0           0           0           
  8617ILOFFICE OF EDUCATION                100 NORTH FIRST STREET       SPRINGFIELD       ILLINOIS                           62777     (217) 782-4823393         3507        54427       30254       16028       104609      11329       M           M           2764        2199        1605        1842        M           4204        M           57020       25111       134370      149921      137427      129502      128759      122708      122637      123647      123175      141211      144222      133117      119627      89751       1825185     114319      0           0           0           
  8618INSTATE DEPARTMENT OF EDUCATION      ROOM 229 STATE HOUSE         INDIANAPOLIS      INDIANA                            46204     (317) 232-664617          1698        22531       23554       5096        52896       8820        160         1290        1450        1049        1382        1244        452         2897        5410        28882       662         70624       80654       71790       70057       68759       66194       68165       70049       71842       79787       78522       73522       66764       29389       966780      59817       0           0           0           
  8619IASTATE DEPT OF PUBLIC INSTRUCT      GRIMES STATE OFFICE BLDG     DES MOINES        IOWA                               50319     (515) 281-3436124         1299        13211       15385       939         30958       2831        178         718         896         679         1127        620         872         1400        3153        14289       981         40195       39140       36095       34555       33904       32379       32778       32174       32088       36316       38047       37707       36222       18705       481286      34279       0           0           0           
  8620KSSTATE DEPARTMENT OF EDUCATION      120 EAST TENTH STREET        TOPEKA            KANSAS                             66612     (913) 296-360456          908         12449       10785       2866        27064       2544        243         759         1002        900         311         445         2025        1466        1585        9885        495         36358       36162       32650       31138       30998       29293       29015       29193       29040       30940       32346       30163       28218       10082       416091      25587       0           0           0           
  8621KYDEPARTMENT OF EDUCATION            CAPITAL PLAZA TOWER          FRANKFORT         KENTUCKY                           40601     (502) 564-4394M           1138        21757       11612       0           34507       4784        390         469         859         1060        293         1386        3842        1627        2012        17351       M           49578       55793       50334       48705       48508       46205       46211       45499       47108       55038       51772       46040       38991       12996       642778      37288       0           0           0           
  8622LASTATE DEPARTMENT OF EDUCATION      POST OFFICE BOX 44064        BATON ROUGE       LOUISIANA                          70804     (504) 342-0090147         2714        20754       12502       6812        42929       7477        289         510         798         1112        34          2194        2598        2267        2066        27115       1287        68146       73190       66232       63106       62325       58586       58014       60567       56538       63616       55460       47672       42746       17703       795188      39965       0           0           0           
  8623MESTATE DEPARTMENT OF EDUCATION      STATE HOUSE STATION NO 23    AUGUSTA           MAINE                              04333     (207) 289-3421N           N           7654        4428        1603        13685       2307        190         253         443         204         205         598         1310        825         0           3389        889         17040       17463       15665       15230       14695       14425       14968       15330       15789       17829       17766       16394       15182       3087        211752      13006       0           0           0           
  8624MDSTATE DEPARTMENT OF EDUCATION      200 WEST BALTIMORE STREET    BALTIMORE         MARYLAND                           21201     (301) 333-2651226         1219        17682       20364       M           39491       5034        302         1068        1370        1037        382         248         2023        2289        2924        18133       9361        50505       55915       51196       48875       48378       44985       46081       47828       47315       57118       56031       51860       47584       12715       675747      46700       0           0           0           
  8625MASTATE DEPARTMENT OF EDUCATION      1385 HANCOCK STREET          QUINCY            MASSACHUSETTS                      02169     (617) 770-7203M           1230        17701       32343       6792        58066       8024        M           M           2134        699         247         2320        5520        2041        2874        19980       3702        66595       67360       60682       58117       57235       55965       57152       60234       61328       70205       70855       69623       63817       11048       833918      60360       0           0           0           
  8626MISTATE DEPARTMENT OF EDUCATION      POST OFFICE BOX 30008        LANSING           MICHIGAN                           48909     (517) 373-8374430         4480        38127       20195       19898       83130       10095       N           N           3488        1557        1418        2612        13202       11979       8596        38642       8448        135089      125573      116232      111043      107851      103942      108323      111973      113235      133290      129147      121612      105620      65776       1597154     101042      0           0           0           
  8627MNSTATE DEPARTMENT OF EDUCATION      550 CEDAR STREET             ST. PAUL          MINNESOTA                          55101     (612) 296-768327          1369        18693       20868       0           40957       5114        57          803         860         759         778         1592        3109        1547        2183        12937       6008        60893       59063       54315       52093       50287       48318       48661       49789       49703       54693       59579       59914       57818       0           711134      51988       0           0           0           
  8628MSSTATE DEPARTMENT OF EDUCATION      POST OFFICE BOX 771          JACKSON           MISSISSIPPI                        39205     (601) 359-35276           1327        13557       11329       M           26219       6848        M           648         648         678         227         788         795         1203        1369        15370       110         33418       46900       40521       39123       40102       36893       36482       37688       37060       39196       36808       32734       28405       13199       498639      25134       0           0           0           
  8629MODEPARTMENT OF ELEM. AND SEC.       POST OFFICE BOX 480          JEFFERSON CITY    MISSOURI                           65101     (314) 751-2569231         1950        22792       23365       564         48902       3490        536         1354        1890        1280        M           1212        M           3631        M           31204       M           62575       65801       62393       60345       58984       55743       57275       58691       58861       67105       65771       59943       54738       12381       800606      49204       0           0           0           
  8630MTOFFICE OF PUBLIC INSTRUCTION       STATE CAPITOL, ROOM 106      HELENA            MONTANA                            59620     (406) 444-4398M           M           6665        3153        M           9818        982         150         170         320         328         M           182         548         494         827         4548        138         12923       13422       12127       11928       11684       11168       10994       10780       10677       11249       11887       11297       10681       2372        153327      9761        0           0           0           
  8631NESTATE DEPARTMENT OF EDUCATION      POST OFFICE BOX 94987        LINCOLN           NEBRASKA                           68509     (402) 471-473592          1442        7951        8263        0           17748       2505        61          453         514         500         0           522         1511        1037        M           7239        1487        23355       22859       21000       20094       19799       18804       19572       19338       18974       20650       21532       20298       19377       0           267139      17845       0           0           0           
  8632NVSTATE DEPARTMENT OF EDUCATION      400 WEST KING STREET         CARSON CITY       NEVADA                             89710     (702) 885-3130M           318         3898        3692        N           7908        N           81          207         288         155         N           171         N           393         M           5276        M           13202       14511       13022       12280       12135       11561       11203       11625       11740       12273       13299       12448       11023       917         161239      8784        0           0           0           
  8633NHSTATE DEPARTMENT OF EDUCATION      101 PLEASANT STREET          CONCORD           NEW HAMPSHIRE                      03301     (603) 271-2778N           162         6044        4094        N           10300       1542        220         237         457         186         256         147         576         567         850         3506        M           5812        17054       12601       12028       11631       11201       11458       12556       12405       14547       13982       13165       11641       3636        163717      10648       0           0           0           
  8634NJDEPARTMENT OF EDUCATION            225 WEST STATE STREET        TRENTON           NEW JERSEY                         08625     (609) 292-8405142         2216        36435       28209       8556        75558       7817        598         1759        2357        1608        504         2429        12166       5074        21785       10243       6054        78251       84901       79591       76200       75927       73334       75123       76814       76245       87477       89290       88333       81896       58031       1107467     78781       0           0           0           
  8635NMSTATE DEPARTMENT OF EDUCATION      300 DON GASPAR               SANTA FE          NEW MEXICO                         87503     (505) 827-6526M           585         7664        4400        2227        14876       2591        140         339         479         224         404         490         614         708         1369        6793        M           23108       24880       22337       21405       20628       19541       19652       19835       19651       21820       20551       18563       16794       13178       281943      15468       0           0           0           
  8636NYSTATE DEPARTMENT OF EDUCATION      ED BLDG ANNEX INFO CENTER    ALBANY            NEW YORK                           12234     (518) 474-8716934         6194        68816       68733       24263       168940      28399       719         4145        4864        3219        1507        3940        22705       6748        5913        71547       18783       181664      204405      187764      181399      178888      169759      171644      180834      174025      220033      227779      200730      171545      138467      2607719     162165      0           0           0           
  8637NCDEPARTMENT OF PUBLIC INSTRUCT      EDENTON & SALISBURY ST.      RALEIGH           NORTH CAROLINA                     27611     (919) 733-381340          N           29466       20512       8085        58103       16482       N           N           1876        2020        N           1929        N           3495        M           26723       778         81093       86020       80915       79583       79686       76379       80185       84775       85446       95311       93087       79460       68939       13591       1085248     65865       0           0           0           
  8638NDSTATE DEPARTMENT OF PUBLIC IN      STATE CAPITOL                BISMARCK          NORTH DAKOTA                       58501     (701) 224-228978          284         4663        2754        0           7779        872         51          113         164         175         147         348         343         374         317         3174        609         10126       10438       9625        9344        9243        8666        8478        8662        8739        8733        8879        8957        8204        0           118703      7610        0           0           0           
  8639OHSTATE DEPARTMENT OF EDUCATION      65 SOUTH FRONT STREET        COLUMBUS          OHIO                               43215     (614) 466-0057M           3031        50104       45759       0           98894       7345        217         2710        2927        1705        2259        5238        5768        4760        12020       41880       M           141923      150467      136708      130136      128943      125599      128725      132161      133448      154659      153511      144266      132962      0           1793508     119561      0           0           0           
  8640OKDEPARTMENT OF EDUCATION            2500 NORTH LINCOLN BLVD.     OKLAHOMA CITY     OKLAHOMA                           73105     (405) 521-445045          1105        14742       15324       3825        35041       3825        338         676         1014        675         N           573         1021        1801        3806        17497       2495        52321       54596       45908       44540       43781       41764       40479       42881       42731       45930       46210       42597       38606       8344        593183      34452       0           0           0           
  8641ORDEPARTMENT OF EDUCATION            700 PRINGLE PARKWAY, SE      SALEM             OREGON                             97310     (503) 378-363151          682         13067       10049       766         24615       3828        M           M           1064        758         M           903         1582        1392        2362        10094       1617        26878       37519       36440       34954       34941       33595       33724       33152       33088       35552       36757       35364       32009       3717        449307      26286       0           0           0           
  8642PADEPARTMENT OF EDUCATION            333 MARKET STREET            HARRISBURG        PENNSYLVANIA                       17126     (717) 787-2644M           2466        41832       47861       10834       102993      9703        919         2231        3150        1916        1236        7808        6828        3884        5994        41574       M           124171      132931      119948      114179      112088      108589      111931      119215      121509      139761      142565      137798      126701      62775       1674161     122871      0           0           0           
  8644RIDEPARTMENT OF EDUCATION            22 HAYES STREET              PROVIDENCE        RHODE ISLAND                       02908     (401) 277-2842M           244         3750        3783        1139        8916        861         73          260         333         220         53          142         641         530         451         2170        372         9834        12081       9999        9452        9318        9018        8996        9801        9865        11291       11050       10451       9396        3766        134690      8908        0           0           0           
  8645SCSTATE DEPARTMENT OF EDUCATION      1429 SENATE STREET           COLUMBIA          SOUTH CAROLINA                     29201     (803) 734-8258312         990         21603       12444       N           35349       5459        527         619         1146        1075        579         776         1978        1962        2434        11089       M           41415       55229       48298       46798       46874       45115       46254       48907       48861       55488       50193       42133       36064       N           611629      34500       0           0           0           
  8646SDDEPT OF EDUC. & CULTURAL AFFA      KNEIP BLDG.-NEW OFF BLDG.    PIERRE            SOUTH DAKOTA                       57501     (605) 773-351812          381         4300        3281        57          8031        1103        106         123         229         171         68          157         573         457         426         2688        925         11124       11422       10333       9774        9565        9209        8931        8646        8518        8929        9402        9069        8346        1265        125458      7870        0           0           0           
  8647TNSTATE DEPARTMENT OF EDUCATION      100 CORDELL HULL BUILDING    NASHVILLE         TENNESSEE                          37219     (615) 741-7816M           M           25599       15504       M           41103       6256        239         693         932         1306        M           598         M           4346        3913        22514       992         61359       67741       63015       61090       61142       58334       59261       63860       62213       67900       65455       57728       49945       18038       818073      43263       0           0           0           
  8648TXTEXAS EDUCATION AGENCY             1701 NORTH CONGRESS AVE.     AUSTIN            TEXAS                              78701     (512) 463-97012471        9765        83244       86808       4097        186385      27774       1686        3660        5346        3377        3895        5892        4091        12253       24606       101367      62804       248628      291251      259702      249382      245742      236437      240049      246668      236791      269256      235943      199583      187279      N           3209515     161150      0           0           0           
  8649UTSTATE OFFICE OF EDUCATION          250 EAST FIFTH SOUTH         SALT LAKE CITY    UTAH                               84111     (801) 533-58690           760         8248        6410        2334        17752       3001        45          333         378         329         290         371         730         807         1021        5822        M           37466       38813       37007       33551       35182       33273       30504       29519       28311       26935       27698       26402       23782       7551        415994      19774       0           0           0           
  8650VTSTATE DEPARTMENT OF EDUCATION      STATE STREET                 MONTPELIER        VERMONT                            05602     (802) 828-3151M           M           2857        3488        52          6397        987         M           M           226         129         M           176         53          550         636         1801        281         7196        8131        7276        6992        6730        6610        6682        6711        6783        6685        6818        6692        6158        2367        92112       5794        0           0           0           
  8651VADEPARTMENT OF EDUCATION            POST OFFICE BOX 6-Q          RICHMOND          VIRGINIA                           23216     (804) 225-209968          2719        29751       25097       506         58141       8137        195         1710        1905        1678        N           1582        561         2857        4886        28708       1462        75204       80288       73265       70095       69422       66259       67255       71161       73489       82294       78806       72570       68104       25461       975135      63113       0           0           0           
  8653WASUPERINTENDENT OF PUBLIC INST      OLD CAPITOL BLDG., FG-11     OLYMPIA           WASHINGTON                         98504     (206) 753-1700M           M           17793       15719       3553        37065       4755        138         1067        1205        1092        639         1029        2008        2265        2658        13239       1996        62897       65789       60442       57484       56847       53611       53757       54323       54187       59514       63047       60844       56690       M           761428      45805       0           0           0           
  8654WVSTATE DEPARTMENT OF EDUCATION      1900 WASHINGTON STREET       CHARLESTON        WEST VIRGINIA                      25305     (304) 348-378822          874         9943        8460        3632        22931       2824        M           M           548         372         6           531         1651        1319        607         10864       501         25821       27567       24731       26027       26266       25105       25537       27963       27392       28278       27311       24499       22845       11994       351837      21870       0           0           0           
  8655WISTATE DEPARTMENT OF PUBLIC IN      POST OFFICE BOX 7841         MADISON           WISCONSIN                          53707     (608) 266-1746307         1675        25016       17277       2764        47039       5321        496         943         1439        1148        1232        1042        2199        2005        3558        14403       10710       62635       61096       56272       53332       52659       48842       50419       51592       52335       61791       65680       65524       61122       13810       767819      58340       0           0           0           
  8656WYSTATE DEPARTMENT OF EDUCATION      HATHAWAY BUILDING            CHEYENNE          WYOMING                            82002     (307) 777-6270N           287         3983        2124        807         7201        1350        N           173         173         149         N           336         296         324         869         3628        M           9075        9313        8652        7878        7848        7477        7417        7332        7247        7411        7602        7155        6429        119         100955      5587        0           0           0           
  8660ASDEPARTMENT OF EDUCATION            P.O. BOX DOE                 PAGO PAGO         AMERICAN SAMOA                     96799     (OS*) 633-515960          29          312         185         37          623         45          0           16          16          8           21          18          71          67          18          291         1189        636         849         785         780         831         843         810         718         692         790         758         699         608         67          11055       608         0           0           0           
  8666GUDEPARTMENT OF EDUCATION            POST OFFICE BOX DE           AGANA             GUAM                               96910     (OS*) 477-897519          73          634         677         27          1430        81          20          40          60          31          11          16          N           59          115         1182        385         2157        2225        2114        2039        2065        1988        1814        1888        1847        2693        1754        1253        1104        350         25676       840         0           0           0           
  8669CMDEPARTMENT OF EDUCATION            COMMONWEALTH OF N MARIANA    SAIPAN MARIANA    IS.COMMONWEALTH OF MARIANAS        96950     (OS*) 933-9312M           M           M           M           M           M           M           M           M           M           M           M           M           M           M           M           M           M           M           M           M           M           M           M           M           M           M           M           M           M           M           M           M           M           M           M           M           
  8672PRSTATE DEPARTMENT OF EDUCATION      AVENIDA TENIENTE GONZALEZ    HATO REY          PUERTO RICO                        00919     (809) 754-76210           711         16783       13035       1832        32361       1914        0           578         578         645         91          320         69          2043        268         2690        0           31163       63123       59059       58804       59981       58393       54670       57499       50997       48012       48855       42059       33640       13234       679489      31597       0           0           0           
  8678VIDEPARTMENT OF EDUCATION            POST OFFICE BOX 6640         ST. THOMAS        VIRGIN ISLANDS                     00801     (809) 774-01000           77          711         680         138         1606        337         32          33          65          42          7           104         141         79          77          800         0           1791        1963        1918        1874        1843        1824        1807        2443        1664        2186        1474        1376        1148        1124        24435       1044        0           0           0           
