  90 1ALDEPARTMENT OF EDUCATION                      GORDON PERSONS BLDG 50 NO    MONTGOMERY        Alabama                      36130-3901(205) 242-9590M           3195        18251       14820       N           36266       4340        702         694         1396        1244        M           300         983         2426        2432        25075       M           54067       60230       57414       60713       58666       60227       58794       59962       57024       57318       49923       45437       42031       N           721806      40485       N           3124        1925        
  90 2AKDEPARTMENT OF EDUCATION                      801 W 10th St Suite 200      JUNEAU            Alaska                       99801     (907) 465-223342          310         4320        2038        N           6710        1512        91          119         210         163         131         1198        489         406         773         1735        1713        10107       10550       9491        9795        9487        9056        8665        8466        7967        8114        7306        6700        6486        N           113903      5386        N           636         6           
  90 4AZARIZONA DEPARTMENT OF EDUCATION              1535 WEST JEFFERSON          PHOENIX           Arizona                      85007     (602) 542-365242          1338        23090       8517        M           32987       5190        349         504         853         657         536         968         1320        1424        3663        15887       1693        53839       58668       55782       55210       53041       51912       49763       47832       45802       46369       42359       37043       34645       5895        639853      32103       N           8109        M           
  90 5ARDEPARTMENT OF EDUCATION                      SCH STATS & FISCAL SERV #    LITTLE ROCK       Arkansas                     72201     (501) 682-4258M           1761        11635       12446       142         25984       3858        593         575         1168        946         M           695         903         1909        1542        12741       M           34052       35348       34374       34295       34438       34822       33913       34729       34384       32696       31649       29424       27734       4428        436286      26475       4           2444        1839        
  90 6CACALIFORNIA DEPARTMENT OF EDUCATION           721 CAPITOL MALL             SACRAMENTO        California                   95814-4785(916) 657-4332M           14402       143071      56801       2954        217228      53996       2179        3519        5698        1155        M           5736        21097       12403       23968       78495       M           423740      432694      419469      409839      399293      384483      363538      359008      347479      381573      361594      315322      244142      108300      4950474     236291      33912       6662        2697        
  90 8CODEPARTMENT OF EDUCATION                      201 EAST COLFAX AVENUE       DENVER            Colorado                     80203     (303) 866-6837109         1158        15236       15839       M           32342       4440        143         840         983         740         1072        904         2227        2433        3068        13235       4351        46337       49319       49002       48438       47341       45685       43899       42201       41075       42553       39863       36614       33582       3953        574213      32967       N           2278        206         
  90 9CTDEPARTMENT OF EDUCATION                      POST OFFICE BOX 2219         HARTFORD          Connecticut                  06145-2219(203) 566-5635269         1327        14967       13594       4628        34785       6146        634         1058        1692        674         685         1135        290         1495        4277        10621       5185        40594       42607       38656       37701       36333       35313       34220       33458       32382       33381       31186       29289       27859       10959       469123      27878       M           1624        N           
  9010DEDEPARTMENT OF PUBLIC INSTRUCTION             POST OFFICE BOX 1402         DOVER             Delaware                     19903-1402(302) 739-458333          203         2784        2941        N           5961        738         52          144         196         115         45          206         394         289         397         2453        344         7980        8938        8421        8212        8236        7892        7680        7647        7256        7869        7424        5862        5897        N           99658       5550        475         826         86          
  9011DCDEPARTMENT OF EDUCATION                      415 12TH STREET NW           WASHINGTON        District Of Columbia         20004     (202) 724-4201207         319         2756        2532        136         5950        441         119         144         263         179         M           394         456         581         232         1704        4215        6417        7526        6752        6454        6100        5593        5145        5493        5172        4958        5221        4298        3481        3869        80694       3626        N           618         88          
  9012FLDEPARTMENT OF EDUCATION                      722 FLORIDA EDUCATION CEN    TALLAHASSEE       Florida                      32399-0400(904) 487-2280479         6550        40751       41279       19029       108088      21561       1498        3111        4609        2521        M           2999        M           5979        M           71097       20184       163209      165375      159653      155946      150965      144778      139866      136337      133621      148396      134193      114293      94776       N           1861592     88934       1856        14911       698         
  9013GADEPARTMENT OF EDUCATION                      1654 TWIN TOWERS EAST        ATLANTA           Georgia                      30334     (404) 656-240032          4483        38437       20106       N           63058       16671       M           M           1600        1908        M           655         4367        4633        4703        31355       604         97208       99109       96668       97977       96123       95500       91628       88006       86259       94889       77292       68045       62379       N           1151687     56605       N           M           N           
  9015HIDEPARTMENT OF EDUCATION                      POST OFFICE BOX 2360         HONOLULU          Hawaii                       96804     (808) 586-3355M           M           4841        3228        1014        9083        1032        M           M           503         264         47          102         440         431         691         2581        M           13898       14255       13953       13534       13124       12791       12234       11251       11397       12319       10752       10543       9234        12423       171708      10325       M           M           184         
  9016IDDEPARTMENT OF EDUCATION                      650 WEST STATE STREET LEN    BOISE             Idaho                        83720     (208) 334-333051          428         5589        5092        94          11254       1223        46          284         330         177         160         325         378         568         477         3167        919         15676       17806       17726       18090       17825       18117       17904       17615       17243       16670       15691       14622       13095       1841        220840      11971       31          149         14          
  9017ILDEPARTMENT OF EDUCATION                      100 NORTH FIRST STREET       SPRINGFIELD       Illinois                     62777-0001(217) 782-4313793         3982        58127       28934       16939       108775      13505       M           M           2787        2075        1744        1684        M           4382        M           57053       34303       139976      145354      134153      134540      135844      139366      134204      129512      128637      132303      127060      114080      105541      86534       1821407     108119      N           M           N           
  9018INEducational Info System Dept of Ed           Room 229 State House         Indianapolis      Indiana                      46204-2798(317) 232-080836          1905        24733       23422       4710        54806       11993       292         1303        1595        1074        1366        1539        522         2718        5766        26718       967         68024       78849       74411       75033       74634       75171       73821       74194       73258       76671       69676       63254       62740       13822       954525      60012       1018        3874        326         
  9019IADEPARTMENT OF EDUCATION                      GRIMES STATE OFFICE BLDG     DES MOINES        Iowa                         50319-0146(515) 242-5986324         1551        15530       12589       1051        31045       3737        475         712         1187        667         1136        1061        860         1815        2735        14281       4747        38778       37117       37192       37022       37642       37408       35885       35361       34930       34768       34067       31688       30928       16119       483652      31796       242         4324        0           
  9020KSKANSAS STATE BOARD OF EDUCATION              120 SE 10TH STREET           TOPEKA            Kansas                       66612-1182(913) 296-4980100         990         13403       11530       3117        29140       3182        407         778         1185        946         402         492         2211        1563        1721        10438       1627        36221       36946       35932       35410       35429       34443       32901       32068       31743       32051       29629       27258       26089       9287        437034      25367       N           M           N           
  9021KYDEPARTMENT OF EDUCATION                      CAPITAL PLAZA TOWER          FRANKFORT         Kentucky                     40601     (502) 564-2020290         1237        23883       11367       M           36777       6552        633         470         1103        1111        407         1544        4829        1747        2320        17854       6310        46972       50976       48865       49131       49832       50669       49694       49803       48141       50958       45483       39689       37577       12301       636401      38005       227         M           M           
  9022LADEPARTMENT OF EDUCATION                      POST OFFICE BOX 94064        BATON ROUGE       Louisiana                    70804-9064(504) 342-6299142         3013        22163       12280       7803        45401       8207        336         556         892         1183        157         66          1461        1448        849         31455       7324        65305       66649       61544       61972       61077       60122       63081       59926       53507       59564       49407       42529       37983       34767       784757      36053       N           6615        1454        
  9023MEDEPARTMENT OF EDUCATION                      STATE HOUSE STATION 23       AUGUSTA           Maine                        04333-0023(207) 289-5841M           M           10391       5122        M           15513       3290        314         285         611         260         335         817         M           875         M           5359        1801        19107       18081       17389       16866       16589       15869       15946       15809       15154       15726       15238       14283       13817       3474        215149      13839       377         1195        60          
  9024MDDEPARTMENT OF EDUCATION                      200 WEST BALTIMORE STREET    BALTIMORE         Maryland                     21201     (301) 333-2662278         1418        20922       19944       M           42562       6152        556         1049        1605        1070        410         354         2140        2412        3194        19047       14360       56617       61911       60252       59120       57228       54921       53811       51722       49864       52363       46389       42627       40529       13462       715176      41566       N           2001        M           
  9025MADEPARTMENT OF EDUCATION                      1385 HANCOCK STREET          QUINCY            Massachusetts                02169-5183(617) 770-7308M           1570        16850       28077       7506        54003       7914        M           M           1823        656         247         2125        5216        1942        2195        18282       7567        73481       73231       67497       66331       64246       62465       60813       60284       58818       60803       59154       56639       53484       9501        834314      55941       N           M           N           
  9026MIDEPARTMENT OF EDUCATION                      POST OFFICE BOX 30008        LANSING           Michigan                     48909     (517) 373-3909389         3298        28377       38395       9549        80008       11555       M           M           2923        1578        1562        1692        1857        4553        9238        57412       10785       141656      129986      121820      119895      117560      115862      114673      113342      109328      119079      108067      99540       91769       71069       1584431     93807       6715        3786        713         
  9027MNDEPARTMENT OF EDUCATION                      ROOM 538 CAPITOL SQUARE B    ST. PAUL          Minnesota                    55101     (612) 297-347434          1465        22165       19910       N           43574       8121        95          774         869         781         712         1549        3340        1689        2352        14531       7171        64264       62462       61467       61664       61026       59550       57052       56483       54417       54058       54357       51079       51324       N           756374      49087       N           3944        N           
  9028MSDEPARTMENT OF EDUCATION                      POST OFFICE BOX 771          JACKSON           Mississippi                  39205-0771(601) 359-352715          1336        14995       10803       913         28062       8754        154         489         766         670         381         965         1497        1362        1751        13908       997         37568       42762       40357       40998       41820       40829       38644       40762       38063       37440       33177       28303       26411       14286       502417      25182       154         2619        1720        
  9029MODEPT OF ELEM & SEC EDUCATION                 POST OFFICE BOX 480          JEFFERSON CITY    Missouri                     65101-0480(314) 751-2569299         2246        25019       24795       M           52359       4692        576         1400        1976        1273        M           1851        M           2474        M           38857       M           66154       67283       66415       63715       63904       64754       64024       63566       61455       63605       59145       53352       49925       9261        816558      48957       N           3865        N           
  9030MTOFFICE OF PUBLIC INSTRUCTION                 ROOM 106 CAPITOL BLDG        HELENA            Montana                      59620     (406) 444-3656M           M           6783        2830        M           9613        1167        173         172         345         315         M           310         545         501         M           329         533         12326       13236       12345       12372       12438       12209       11543       11830       11514       11370       10627       9930        9609        1092        152974      9370        N           641         N           
  9031NEDEPARTMENT OF EDUCATION                      POST OFFICE BOX 94987        LINCOLN           Nebraska                     68509     (402) 471-2367131         1443        9055        8135        N           18764       3229        159         448         607         530         M           658         1892        1070        M           8399        2062        22751       22655       22051       22297       22507       22037       20892       20602       20226       20061       19837       18423       17680       N           274081      17664       M           892         M           
  9032NVNEVADA DEPARTMENT OF EDUCATION               400 WEST KING STREET CAPI    CARSON CITY       Nevada                       89710     (702) 687-3130M           432         5106        3639        1196        10373       M           140         214         354         194         M           206         M           481         M           6249        421         16737       18249       17866       17399       16985       16472       15415       14920       14623       14072       13530       12614       11197       816         201316      9477        838         1013        22          
  9033NHDEPARTMENT OF EDUCATION                      101 PLEASANT STREET          CONCORD           New Hampshire                03301     (603) 271-277855          230         6779        3573        M           10637       2140        315         233         548         265         289         306         493         599         896         4362        696         7467        18451       15515       15043       14594       13855       13299       12974       12610       12680       11881       11334       10408       1978        172785      10766       M           2177        M           
  9034NJDEPARTMENT OF EDUCATION                      225 WEST STATE STREET CN     TRENTON           New Jersey                   08625-0500(609) 292-7629216         2486        40812       26737       9635        79886       9598        884         2114        2998        1687        629         1441        13300       6894        22965       7977        6998        83551       89942       83650       82307       80288       79402       78340       76512       74839       77549       73713       70029       67716       64810       1089646     69824       N           8146        N           
  9035NMDEPARTMENT OF EDUCATION                      EDUCATION BUILDING           SANTA FE          New Mexico                   87501-2786(505) 827-652648          745         8878        4291        2741        16703       3779        195         392         587         236         414         849         848         1080        1235        7460        1406        23280       25404       24694       23817       23323       22799       21390       21487       20487       22366       20661       17938       15454       17375       301881      14884       152         1836        125         
  9036NYDEPARTMENT OF EDUCATION                      ED BLDG ANNEX INFO CENTER    ALBANY            New York                     12234     (518) 474-87161694        6913        76327       65135       26321       176390      24296       1164        4732        5896        3336        1706        4144        24256       7136        7063        92433       29187       193972      213664      201601      195150      190245      185355      183282      184451      178389      205901      188101      167323      142514      139202      2598337     143318      2989        13342       189         
  9037NCDEPARTMENT OF EDUCATION                      RM 307 EDUCATION BUILDING    RALEIGH           North Carolina               27603-1712(919) 733-9722210         4376        28838       21058       9801        64283       18892       M           M           2403        2178        M           2224        M           3860        M           31759       3050        88176       88598       85335       85200       83652       83397       83070       83036       82523       87422       79885       70712       65720       17095       1086871     64782       59          3748        1677        
  9038NDDEPARTMENT OF EDUCATION                      DEPT OF PUBLIC INSTR 600     BISMARCK          North Dakota                 58505-0440(701) 224-228971          282         4688        2550        N           7591        1071        52          111         163         171         155         345         343         365         312         3425        691         9547        9631        9747        9659        9614        9225        8917        9014        8898        8581        8338        8003        7960        N           117825      7690        N           145         N           
  9039OHDEPARTMENT OR EDUCATION                      180 EAST ENGLER ST           COLUMBUS          Ohio                         43215     (614) 466-7000119         3364        53945       45660       M           103088      8941        333         2896        3229        1685        2227        5632        5623        4784        12773       42866       M           145294      145857      139197      140432      141402      140892      136945      135348      132213      143585      129741      121578      118605      M           1771089     114513      N           3786        N           
  9040OKDEPARTMENT OF EDUCATION                      2500 NORTH LINCOLN BLVD      OKLAHOMA CITY     Oklahoma                     73105-4599(405) 521-346767          1217        16392       15716       3829        37221       5390        376         754         1130        767         M           646         971         1866        4104        16625       2555        45904       56049       48564       48164       46615       45632       44160       43622       42319       41890       38273       37855       35671       1814        579087      35606       N           5527        N           
  9041ORDEPARTMENT OF EDUCATION                      700 PRINGLE PARKWAY SE       SALEM             Oregon                       97310-0290(503) 378-596547          919         14441       9867        900         26174       4543        M           M           1115        731         M           2017        M           1448        5175        8009        1254        35715       40492       39201       37717       37106       37581       36821       36694       35253       36213       33874       31186       30018       3269        472394      25473       115         6690        2133        
  9042PADEPARTMENT OF EDUCATION                      333 MARKET STREET            HARRISBURG        Pennsylvania                 17126-0333(717) 787-2644M           M           43406       45556       11313       100275      11332       1078        2281        3359        2220        1426        13413       9283        4018        4002        41843       2846        127628      139099      129628      127986      125666      123365      123240      123291      119563      129283      120110      113014      108592      54523       1667834     110527      N           7246        N           
  9044RIDEPARTMENT OF EDUCATION                      22 HAYES STREET              PROVIDENCE        Rhode Island                 02908     (401) 277-284163          299         3941        3979        1240        9522        1044        74          254         328         213         69          165         810         533         454         2691        364         10559       13511       11272       11101       10812       10489       10132       10125       9894        10154       9661        8830        8167        3742        138813      7825        4           M           33          
  9045SCDEPARTMENT OF EDUCATION                      1429 SENATE STREET           COLUMBIA          South Carolina               29201     (803) 734-8262386         1113        23339       12125       N           36963       6582        734         653         1387        1088        654         815         2385        2112        2865        11140       M           43087       55440       50924       51622       51339       51210       50983       49576       47852       53237       43969       37480       35393       N           622112      32483       681         2160        2644        
  9046SDDEPARTMENT OF EDUCATION                      KNEIP BUILDING 700 GOVERN    PIERRE            South Dakota                 57501-2291(605) 773-324811          349         4559        3023        569         8511        1908        125         147         272         179         M           317         647         500         342         2432        547         10681       10731       10420       10700       10707       10692       10132       9992        9530        9240        8676        7989        7758        1369        129164      7650        N           935         N           
  9047TNDEPARTMENT OF EDUCATION                      135 CORDELL HULL BUILDING    NASHVILLE         Tennessee                    37243-0381(615) 741-0728M           M           30475       12576       M           43051       8420        357         503         860         1290        M           676         M           4454        4278        24203       M           63739       70992       64341       65497       64676       63404       63180       64137       61382       64514       59724       53196       49050       16763       824595      46094       N           9713        1351        
  9048TXDEPARTMENT OF EDUCATION                      1701 NORTH CONGRESS AVE      AUSTIN            Texas                        78701     (512) 463-90482484        10828       103317      102669      N           219298      31538       M           M           8198        3876        M           4901        3830        11407       11766       37406       92172       257586      299112      279347      274868      274159      269767      261986      255540      246418      273922      224440      195180      178390      N           3382887     172480      M           M           N           
  9049UTDEPARTMENT OF EDUCATION                      250 EAST 500 SOUTH           SALT LAKE CITY    Utah                         84111     (801) 538-766955          683         8462        6446        2238        17884       3739        82          313         395         255         378         338         502         823         1314        6755        1920        33166       34741       35265       36903       36435       37236       36267       33060       34551       32933       30365       28697       26263       8850        446652      21196       1177        464         138         
  9050VTDEPARTMENT OF EDUCATION                      120 STATE STREET             MONTPELIER        Vermont                      05620     (802) 828-315160          272         3069        3119        737         7257        1915        164         186         350         200         147         271         M           488         M           2915        681         8087        9014        8379        7983        7788        7696        7305        7085        6842        6398        5968        5612        5424        1500        95762       6127        M           1278        M           
  9051VADEPARTMENT OF EDUCATION                      POST OFFICE BOX 6Q           RICHMOND          Virginia                     23216     (804) 225-210182          3107        34027       25826       596         63638       9919        1192        1791        2983        1747        M           1994        742         3253        5664        39876       1609        84583       83834       78924       78461       77165       75806       75177       73981       73403       77527       68860       62503       61328       25440       998601      60605       919         3827        689         
  9053WADEPARTMENT OF EDUCATION                      OLD CAPITOL BLDG FG11        OLYMPIA           Washington                   98504     (206) 753-1700M           M           21834       16168       3762        41764       6397        309         1102        1411        1174        694         1044        2327        2314        3346        15259       3285        67654       71848       71585       71166       69715       67705       65388       62628       61623       61562       58866       54828       51856       N           839709      45941       N           3260        N           
  9054WVDEPARTMENT OF EDUCATION                      CAPITOL BLDG 6 ROOM B215     CHARLESTON        West Virginia                25305     (304) 348-630045          801         9325        7760        3545        21476       2784        M           M           536         373         5           475         1678        1143        632         9990        610         22241       23348       23461       24164       24302       24914       24035       26867       26175       25500       24630       22914       22045       7183        322389      21854       N           1435        N           
  9055WIDEPARTMENT OF PUBLIC INSTRUCTION             POST OFFICE BOX 7841         MADISON           Wisconsin                    53707-7841(608) 267-9208312         1910        26800       17890       2390        49302       7301        M           M           1493        970         1179        1000        2208        2006        3455        15947       13265       63539       63140       61526       60775       60794       60509       58543       57860       56244       59058       59394       55963       54562       12449       797621      52038       N           3058        N           
  9056WYDEPARTMENT OF EDUCATION                      HATHAWAY BUILDING            CHEYENNE          Wyoming                      82002-0050(307) 777-6265M           221         2214        3460        889         6784        1232        N           181         181         142         M           325         172         325         745         2881        M           7812        8364        7961        8036        7935        8096        7932        7429        7376        7118        7123        6689        6245        110         98226       5823        N           303         N           
  9060ASDEPARTMENT OF EDUCATION                      PO BOX DOE                   PAGO PAGO         American Samoa               96799     (684) 633-593160          35          333         181         53          662         11          10          14          24          6           23          18          78          56          32          348         1284        963         990         942         930         850         889         826         853         863         874         833         691         599         76          12463       703         N           29          7           
  9066GUDEPARTMENT OF EDUCATION                      POST OFFICE BOX DE           AGANA             Guam                         96910     (671) 472-890120          113         671         717         22          1543        87          20          43          63          31          21          7           M           63          117         1004        375         2268        2414        2191        2227        2187        2050        1890        1878        1796        2512        1861        1553        1120        69          26391       1033        N           78          N           
  9069CMCNMI PUBLIC SCHOOL SYSTEM (PSS)              PO BOX 1370 RESEARCH INFO    SAIPAN            Northern Marianas            96950     (670) 322-981217          10          225         164         N           416         104         9           8           17          11          11          38          45          27          47          98          345         406         554         569         535         534         522         455         530         468         432         390         383         326         N           6449        227         N           M           N           
  9072PRDEPARTMENT OF EDUCATION                      AVENIDA TENIENTE GONZALEZ    HATO REY          Puerto Rico                  00919     (809) 754-113073          1018        17745       13353       2071        34260       250         M           M           797         736         22          1965        M           1252        1973        20633       701         34596       55609       52520       54004       56099       55713       54028       56639       51702       46721       44563       38020       31496       12323       644734      29049       4903        4456        0           
  9078VIDEPARTMENT OF EDUCATION                      4446 KONGENS GADE CHARLOT    ST. THOMAS        Virgin Islands               00802     (809) 774-8505M           70          684         691         130         1575        330         39          40          79          40          4           111         156         79          90          816         M           1543        1821        1744        1837        1766        1683        1602        2100        1584        1496        1389        1114        1128        943         21750       1260        67          37          N     