  91 1ALDEPARTMENT OF EDUCATION            GORDON PERSONS BLDG, 50 NMONTGOMERY        ALABAMA                  36130-3901(205) 242-9590           M        3413       19525       17542           N       40480        3543           M           M        1530        1206           M        1579           M        2444        3944       27224           M       54125       58744       57130       60086       58520       59255       61091       60915       56607       60210       48417       45179       41725           N      722004       39042           N           M        1539
  91 2AKDEPARTMENT OF EDUCATION            801 W. 10th St. Suite 200JUNEAU            ALASKA                   99801     (907) 465-2233          35         342        4722        2019           N        7118        1626          99         133         232         156         152        1236         493         408         817        1754        1914       10405       11047       10256        9677        9883        9407        9213        8892        8430        8449        7670        6816        6621           N      118680        5458           0         715           5
  91 4AZARIZONA DEPARTMENT OF EDUCATION    1535 WEST JEFFERSON      PHOENIX           ARIZONA                  85007     (602) 542-3652          94        1367       23821        8696           M       33978        5489         366         508         874         671         581         990        1402        1445        3792       16283        2411       54410       59071       55486       55616       54684       52953       51882       50528       47200       49038       43323       37828       36122        6428      656980       31282           N        3165         149
  91 5ARDEPARTMENT OF EDUCATION            SCH STATS & FISCAL SERV, LITTLE ROCK       ARKANSAS                 72201     (501) 682-4258           M        1802       11693       12207          83       25785        4511         595         590        1185         949         115         582         578        1961        1621       14365           M       33799       35567       33978       34394       34496       34704       34999       35797       34527       33693       31583       29389       27544        4048      438518       25668           1        2596        2124
  91 6CACALIFORNIA DEPARTMENT OF EDUCATION 721 CAPITOL MALL         SACRAMENTO        CALIFORNIA               95814-4785(916) 657-4332           M       14600      147300       58900        3200      224000       55290        2200        3600        5800        1200           M        5800       23201       12500       23903       77693           M      428392      444101      427612      420018      412613      401538      386807      370964      355168      398734      370635      324395      260693      105475     5107145      234164       39226        3281          90
  91 8CODEPARTMENT OF EDUCATION            201 EAST COLFAX AVENUE   DENVER            COLORADO                 80203     (303) 866-6837         134        1197       15604       16158           M       33093        4441         166         887        1053         743        1015         820        2221        2508        3160       13538        5358       47875       50551       49441       49787       49387       47962       46531       44823       42334       44345       40656       38164       33108        2708      593030       31293           N        2672         362
  91 9CTDEPARTMENT OF EDUCATION            POST OFFICE BOX 2219     HARTFORD          CONNECTICUT              06145-2219(203) 566-5635         245        1326       15129       13055        4628       34383        5547         619         975        1594         665         676        1102         291        1472        4107       10663        5486       40822       43092       39905       38420       37381       36476       35273       34524       32968       35258       31895       30083       28339       11128      481050       27290          54        1480           N
  9110DEDEPARTMENT OF PUBLIC INSTRUCTION   POST OFFICE BOX 1402     DOVER             DELAWARE                 19903-1402(302) 739-4583          22         189        2919        2965           N        6095         732          58         121         179         113          37         143         344         380         417        2547         435        8137        8931        8450        8334        8185        8269        8136        8175        7503        8085        7365        6238        5953           N      102196        5223         142         343          63
  9111DCDEPARTMENT OF EDUCATION            415 12TH STREET, NW      WASHINGTON        DISTRICT OF COLUMBIA     20004     (202) 724-4201         279         348        2977        2294         448        6346         424         140         145         285         179           2         421         314         387         827        1958        4538        6578        7280        6651        6269        5961        5596        5026        5404        4976        4947        5452        4108        3415        4417       80618        3369           N         734          49
  9112FLDEPARTMENT OF EDUCATION            722 FLORIDA EDUCATION CENTALLAHASSEE       FLORIDA                  32399-0400(904) 487-2280         742        6306       40416       41588       20887      109939       21384        1474        3118        4592        2566        1919        3024        8975        6063       11282       49989       26784      161688      170096      164759      162741      159330      153373      148760      144717      135365      152073      135114      117121      100210           N     1932131       87419        1418       15277         447
  9113GADEPARTMENT OF EDUCATION            1654 TWIN TOWERS EAST    ATLANTA           GEORGIA                  30334     (404) 656-2400          70        4583       38775       20388           N       63816       17534           M           M        1723        1935           M         632        4834        4921        4908       32618        1315       97590      100215       97385       98224       98491       97102       97588       92686       87534      100108       77648       68761       62922           N     1177569       60088           M           M           M
  9115HIDEPARTMENT OF EDUCATION            POST OFFICE BOX 2360     HONOLULU          HAWAII                   96804     (808) 586-3355           M           M        5051        3315        1085        9451        1049           M           M         503         264          47         102         440         431         691        2581         498       14353       14322       14342       14089       13677       13271       12822       11808       11270       12550       11260       10395        9290       10800      174747        8974         275           M         210
  9116IDDEPARTMENT OF EDUCATION            650 WEST STATE STREET, LEBOISE             IDAHO                    83720     (208) 334-3330          63         384        5598        5466         115       11626        1402          77         277         354         172          82         291         322         582         545        3245        1097       15133       17123       17653       18066       18437       18225       18412       18550       17803       17855       16617       15084       14097        1528      225680       11961          73         157          49
  9117ILDEPARTMENT OF EDUCATION            100 NORTH FIRST STREET   SPRINGFIELD       ILLINOIS                 62777-0001(217) 782-4313         900        4052       59173       28989       17039      110153       15607         919        1930        2849        2055        1791        1684           M        4383           M       58408       37039      139544      149246      140697      133154      134185      136007      139838      135954      127656      139324      127636      115193      104837       87856     1848166      103329           N           M           N
  9118INDEPARTMENT OF EDUCATION            Room 229 - State House   INDIANAPOLIS      INDIANA                  46204-2798(317) 232-0808         140        1907       26521       24618        1323       54509       11894         325        1148        1473         982        1349        1735         508        2649        5843       27804        2431       66881       77519       72718       73678       75214       75009       76514       76002       73839       79913       69240       65013       60657       12360      956988       57892        1258        4140         292
  9119IADEPARTMENT OF EDUCATION            GRIMES STATE OFFICE BLDG.DES MOINES        IOWA                     50319-0146(515) 242-5986         343        1589       16015       12364        1084       31395        4536         550         704        1254         671        1251         696         850        1749        3483       14420        5128       37841       37702       36419       37414       37134       37897       37818       36755       35449       36745       34019       33332       31648       16062      491363       28593         175        1679         144
  9120KSKANSAS STATE BOARD OF EDUCATION    120 S.E. 10TH STREET     TOPEKA            KANSAS                   66612-1182(913) 296-4980         103         999       13324       11726        3172       29324        3150         430         796        1226         938         413         475        2284        1575        1751       10501        2072       35866       37265       35571       36016       35623       35589       34859       33390       31943       33772       30294       27996       25889        9245      445390       24414           N           M           N
  9121KYDEPARTMENT OF EDUCATION            CAPITAL PLAZA TOWER      FRANKFORT         KENTUCKY                 40601     (502) 564-2020         370        1441       24281       11479           N       37571        7652         691         478        1169        1141         421        1571        4939        1767        2432       18502       11926       46695       50422       48853       49006       49495       50245       51210       50568       49136       53502       45549       41277       36131       12009      646024       35835         328           M           0
  9122LADEPARTMENT OF EDUCATION            POST OFFICE BOX 94064    BATON ROUGE       LOUISIANA                70804-9064(504) 342-6299         199        2952       22578       12326        8115       46170        8433         346         551         897        1192         125        1503        1833        2310        2807        1069        8916       64474       68376       61600       61729       62152       60225       60946       61619       54491       62111       50537       43417       37995       35540      794128       33489           N        9382           N
  9123MEDEPARTMENT OF EDUCATION            STATE HOUSE STATION 23   AUGUSTA           MAINE                    04333-0023(207) 289-5841           M           M       10382        5034           M       15416        3386         340         290         630         253         326         803           M         871           M        5397        1503       18625       18273       17609       17263       16860       16595       16016       16086       15679       15916       14828       14293       13861        2993      216400       13151         406        1116         108
  9124MDDEPARTMENT OF EDUCATION            200 WEST BALTIMORE STREETBALTIMORE         MARYLAND                 21201     (301) 333-2662         303        1416       21568       20329           N       43616        6231         582        1059        1641        1070         417         332        2075        2441        3215       18887       15567       57658       62664       61405       60608       59493       57493       56466       54300       50447       55972       46806       42794       40512       14053      736238       39014           0        1957         864
  9125MADEPARTMENT OF EDUCATION            1385 HANCOCK STREET      QUINCY            MASSACHUSETTS            02169-5183(617) 770-7308           M        1622       18813       27982        7546       55963        9009           M           M        1838         560         225        2049        5462        2072        2348       19448        9491       72974       74646       69876       66903       65960       64107       62480       61354       59263       62699       58451       55551       53464        8936      846155       50216           N           M           N
  9126MIDEPARTMENT OF EDUCATION            POST OFFICE BOX 30008    LANSING           MICHIGAN                 48909     (517) 373-3909         547        3270       29244       39810       10096       82967       12969           M           M        3025        1573        1379        1395        3013        5051        8452       58287       11157      137370      133544      123332      120342      119315      117561      117364      116706      111906      122740      105302       98301       90311       68310     1593561       88234        3184        4238         350
  9127MNDEPARTMENT OF EDUCATION            ROOM 538, CAPITOL SQUARE ST. PAUL          MINNESOTA                55101     (612) 297-3474          29        1462       23024       20388           N       44903        7606         109         787         896         989         659        1591        3294        1603        2650       14082        5549       63500       63958       61871       61875       62111       61520       60329       59216       56806       56892       54571       53208       52165           N      773571       46474           0        2708           0
  9128MSDEPARTMENT OF EDUCATION            POST OFFICE BOX 771      JACKSON           MISSISSIPPI              39205-0771(601) 359-3527          17        1328       15371       10569         826       28111        9788         222         556         778         652         398         956        1525        1379        1805       13808         732       36569       42435       39574       39662       40953       41172       40059       40920       37514       39664       33125       29202       25713       16833      504127       23665         156        2662        1657
  9129MODEPT. OF ELEM. & SEC. EDUCATION    POST OFFICE BOX 480      JEFFERSON CITY    MISSOURI                 65101-0480(314) 751-2569         446        2254       25176       24767           M       52643        5226         615        1576        2191        1263           M         826           M        2309           M       36277       15561       66072       69005       65789       66616       64324       64467       65811       65388       62351       67214       58356       54138       49503        8370      842965       46928           N        3254           N
  9130MTOFFICE OF PUBLIC INSTRUCTION       ROOM 106, CAPITOL BLDG.  HELENA            MONTANA                  59620     (406) 444-3656           M           M        6901        2982           M        9883        1373         185         175         360         335           M         337         545         484           M         306         437       11995       13199       12548       12428       12533       12572       12289       11977       11815       11842       11057       10181        9597        1309      155779        9013           N         719           N
  9131NEDEPARTMENT OF EDUCATION            POST OFFICE BOX 94987    LINCOLN           NEBRASKA                 68509     (402) 471-2367         178        1416        9242        8233           N       19069        3065         190         454         644         539           M         663        1711        1099           M        7886        2797       22218       22526       22236       22170       22460       22678       22271       21394       20617       21310       19540       19229       18106           N      279552       16500          71         498          55
  9132NVNEVADA DEPARTMENT OF EDUCATION     400 WEST KING STREET, CAPCARSON CITY       NEVADA                   89710     (702) 687-3130          74         467        5607        3983        1278       11409           M         140         255         395         217           M         270           M         507           M         347         795       17479       19044       18356       18101       17886       17420       16665       15974       15205       15412       14311       13070       11283         809      211810        9370         791         708          42
  9133NHDEPARTMENT OF EDUCATION            101 PLEASANT STREET      CONCORD           NEW HAMPSHIRE            03301     (603) 271-2778          68         241        7533        3622           M       11464        2253         316         238         554         253         301         356         471         597         916        3315         850        7793       18580       15490       15404       15117       14724       13951       13567       12881       13541       11773       11516       10483        1468      177138       10059           N        2276           N
  9134NJDEPARTMENT OF EDUCATION            225 WEST STATE STREET, CNTRENTON           NEW JERSEY               08625-0500(609) 292-7629         243        2556       41271       26385       10060       80515       10000         930        2071        3001        1700         600        1347       13299        6769       22900        8360        8261       85469       92344       85483       83101       82100       80584       79653       79196       75556       80717       73572       70104       67395       66261     1109796       67003           N        8430           N
  9135NMDEPARTMENT OF EDUCATION            EDUCATION BUILDING       SANTA FE          NEW MEXICO               87501-2786(505) 827-6526          80         757        9338        4382        2941       17498        4080         216         398         614         238         409         882         888        1172        1259        7469        1231       23276       25868       24546       24482       23829       23481       22919       22007       21197       23314       20858       18271       15923       17465      308667       15157         144        1854          76
  9136NYDEPARTMENT OF EDUCATION            ED BLDG ANNEX INFO CENTERALBANY            NEW YORK                 12234     (518) 474-8716        1777        6862       75449       62317       25509      171914       24110        1082        4408        5490        3186        1652        3853       23854        6815        6569       90892       30025      197128      217128      202847      198973      194841      190126      187853      188586      180718      214204      192056      166438      141546      141524     2643993      133562        3197       13717         164
  9137NCDEPARTMENT OF EDUCATION            RM 307, EDUCATION BUILDINRALEIGH           NORTH CAROLINA           27603-1712(919) 733-9722         272        5080       33049       23729        3196       65326       19407           M           M        2493        2134           M        2039           M        3775           M       31158        3925       88324       90920       86560       85738       85288       84132       84845       84743       81895       90900       77775       70089       64061       18403     1097598       62792          58        4283        1557
  9138NDDEPARTMENT OF EDUCATION            DEPT OF PUBLIC INSTR, 600BISMARCK          NORTH DAKOTA             58505-0440(701) 224-2289          72         273        4847        2541           N        7733        1135          77         122         199         177         152         341         349         376         320        2812         657        9273        9682        9286        9628        9575        9580        9203        9128        8929        9006        8434        8174        7821           N      118376        7573           0         256           0
  9139OHDEPARTMENT OR EDUCATION            180 EAST ENGLER ST.      COLUMBUS          OHIO                     43215     (614) 466-7000         150        2927       59531       40764           M      103372        9229         559        2660        3219        1678        1964        5534        7287        4792       13259       44393       12393      142085      149298      137639      138115      140401      141271      140710      140577      131604      146702      126485      119757      113420        3310     1783767      107484        1035        4347           N
  9140OKDEPARTMENT OF EDUCATION            2500 NORTH LINCOLN BLVD. OKLAHOMA CITY     OKLAHOMA                 73105-4599(405) 521-3467          82        1231       16851       15535        3951       37650        5746         400         803        1203         806           M         635        1059        1908        4106       16612        3403       45509       55572       48386       48745       48260       47091       46283       44792       43176       44238       40096       35492       35684        1536      588263       33007           N        6293           N
  9141ORDEPARTMENT OF EDUCATION            700 PRINGLE PARKWAY S.E. SALEM             OREGON                   97310-0290(503) 378-5965          52         952       15052        9799         890       26745        4746           M           M        1160         746           M         981        1819        1449        2639       10194        1034       37547       40981       40295       40936       40717       39438       38876       39230       37872       38787       36113       33305       30226        3257      498614       24597         105        8723        1842
  9142PADEPARTMENT OF EDUCATION            333 MARKET STREET        HARRISBURG        PENNSYLVANIA             17126-0333(717) 787-2644           M           M       44060       44975       11440      100475       11316        1121        2428        3549        2205        1451       13213        9241        4046        3892       41219        3108      130364      143470      130300      129814      128877      126614      127185      127014      121836      134714      120084      113642      107758       48017     1692797      104770           N        7179           N
  9144RIDEPARTMENT OF EDUCATION            22 HAYES STREET          PROVIDENCE        RHODE ISLAND             02908     (401) 277-2841          29         292        4119        3960        1309        9709        1217           M         294         294         102         100         275         389         378         598        2390         369       10680       13319       11827       11235       11122       10872       10600       10531       10053       10774        9868        8742        8277        3875      142144        7744           5         570           0
  9145SCDEPARTMENT OF EDUCATION            1429 SENATE STREET       COLUMBIA          SOUTH CAROLINA           29201     (803) 734-8262         419        1161       23636       11899           N       37115        6597         786         639        1425        1082         660         826        2479        2134        2989       11290           M       43587       55470       50654       50951       52206       52094       52301       51424       47352       55650       43947       37196       34638           N      627470       32999        1027        2380        2287
  9146SDDEPARTMENT OF EDUCATION            KNEIP BUILDING, 700 GOVERPIERRE            SOUTH DAKOTA             57501-2291(605) 773-3248          14         291        4535        2950        1078        8868        1205         140         145         285         191           M         304         638         511         368        2383         531       10451       10768       10477       10465       10793       10727       10713       10433        9762        9651        9045        8339        7692        1729      131576        7127           N        1134           N
  9147TNDEPARTMENT OF EDUCATION            135 CORDELL HULL BUILDINGNASHVILLE         TENNESSEE                37243-0381(615) 741-0728           M           M       30539       12523           N       43062        7963         475         559        1034        1284           M         907           M        4168        4098       22002           M       64183       71789       64974       64362       65776       65237       63714       65961       61623       68300       58652       53117       49011       16952      833651       44847           N       10763        1348
  9148TXDEPARTMENT OF EDUCATION            1701 NORTH CONGRESS AVE. AUSTIN            TEXAS                    78701     (512) 463-9048        2483       10837      103310      102562           N      219192       33976           M           M        8648        3984           M        5436        3775       12089       12366       38007      102371      258597      303173      282566      279476      278636      276444      275909      266704      251107      285063      227350      199643      177332           N     3464371      174306        3010           M           N
  9149UTDEPARTMENT OF EDUCATION            250 EAST 500 SOUTH       SALT LAKE CITY    UTAH                     84111     (801) 538-7669          59         691        8795        6564        2196       18305        3819          50         355         405         249         408         368         488         837        1380        7038        2212       33193       34189       34818       35487       37215       36749       37367       36667       33114       34977       33174       29852       27575        9841      456430       22219        1269         326         227
  9150VTDEPARTMENT OF EDUCATION            120 STATE STREET         MONTPELIER        VERMONT                  05620     (802) 828-3151         111         278        2606        2827        1209        7031        2052         135         171         306         192         150         459         160         489         580        2504        1577        8033        8638        8476        8327        7996        7776        7537        7313        7029        6568        6032        5715        5529         591       97137        5212           N        1264           N
  9151VADEPARTMENT OF EDUCATION            POST OFFICE BOX 6-Q      RICHMOND          VIRGINIA                 23216     (804) 225-2101          93        3145       34848       25852         599       64537       10283        1263        1781        3044        1740           M        1989         766        3283        5672       39307        1825       84565       85148       79677       79331       78694       77490       78269       76712       74406       80993       69298       63243       61566       24987     1016204       58441         955        3694         540
  9153WADEPARTMENT OF EDUCATION            OLD CAPITOL BLDG. FG-11  OLYMPIA           WASHINGTON               98504     (206) 753-1700           M           M       23271       16357        3303       42931        6797         354        1152        1506        1209         692        1050        2414        2335        3461       15644        3674       68532       73118       71888       72876       72586       70854       69199       66904       63150       67184       60170       56154       53038           N      869327       42514           N        3388           N
  9154WVDEPARTMENT OF EDUCATION            CAPITOL BLDG 6, ROOM B-21CHARLESTON        WEST VIRGINIA            25305     (304) 348-6300          39         829        9199        7448        3482       20997        2748         176         368         544         377           4         461        1669        1145         592       10013        1779       22192       23131       22418       23453       24110       24335       24927       25574       25740       26694       24204       22948       21611        7133      320249       21064           M        1172           M
  9155WIDEPARTMENT OF PUBLIC INSTRUCTION   POST OFFICE BOX 7841     MADISON           WISCONSIN                53707-7841(608) 267-9208         256        2057       28630       18550        2535       52028        7741           M           M        1527         993        1075         958        2192        2154        3574       16007       13791       63479       65293       62043       62311       61775       61989       61661       60456       57757       63354       57870       56774       53734       12384      814671       49340           0        3946           0
  9156WYDEPARTMENT OF EDUCATION            HATHAWAY BUILDING        CHEYENNE          WYOMING                  82002-0050(307) 777-6265           M         214        2533        3134         683        6564        1221           N         267         267         142           N         262         113         331         725        3509        1505        7606        8437        8018        8066        8269        8135        8224        8119        7511        7531        7307        6833        6425          88      102074        5728           0         339           0
  9160ASDEPARTMENT OF EDUCATION            P.O. BOX DOE             PAGO PAGO         AMERICAN SAMOA           96799     (684) 633-5931          48          34         345         188          56         671          12          10          15          25           6          24          18           M          54          62         405        1446        1063        1083        1031         961         960         866         901         869         870         912         898         791         658          56       13365         597           0          37           0
  9166GUDEPARTMENT OF EDUCATION            POST OFFICE BOX DE       AGANA             GUAM                     96910     (671) 472-8901          19         125         696         651           8        1499         101          22          46          68          31          23          15           M          65         118        1045         471        2459        2481        2415        2323        2305        2250        2219        2004        1872        2584        2131        1626        1169          25       28334        1014           N          81           N
  9169CMCNMI PUBLIC SCHOOL SYSTEM (PSS)    P.O. BOX 1370, RESEARCH ISAIPAN            COMMONWEALTH OF MARIANAS 96950     (670) 322-9812          25          24         188         193           N         430         106          11          13          24          10           9          43         112          37          21         114         449         548         642         584         639         587         561         544         582         482         388         378         392         310          10        7096         273           3           M           N
  9172PRDEPARTMENT OF EDUCATION            AVENIDA TENIENTE GONZALEZHATO REY          PUERTO RICO              00919     (809) 754-1130          75        1068       19914       13839        2395       37291          10         355         453         808         818         242        1813           M        1217        3716       22033         651       36250       55145       51020       51997       54855       55167       53592       56879       50677       47433       45413       38276       32557       12480      642392       29329       10946        5148           0
  9178VIDEPARTMENT OF EDUCATION            44-46 KONGENS GADE, CHARLST. THOMAS        VIRGIN ISLANDS           00802     (809) 774-8505           N          74         686         690         131        1581         330          39          40          79          40           4         113         156          81          90         816           N        1601        1820        1772        1841        1849        1775        1672        2078        1684        1761        1335        1231         957         970       22346         981          71          20           N
